# Written by pfold_nc.dat, 0.003 extra light factor
# EB contamination removed
0.00019606 1.666e-03 0.997166 0.001091 1 7
0.00025989 1.666e-03 0.997821 0.000259 1 7
0.00066378 1.666e-03 0.997457 0.000283 1 7
0.00070668 1.666e-03 0.998144 0.000449 1 7
0.00107112 1.666e-03 0.997638 0.000347 1 7
0.00112120 1.666e-03 0.997505 0.000331 1 7
0.00147943 1.666e-03 0.997987 0.000448 1 7
0.00153570 1.666e-03 0.997224 0.000284 1 7
0.00189025 1.666e-03 0.996386 0.000772 1 7
0.00195003 1.666e-03 0.997426 0.000259 1 7
0.00229483 1.666e-03 0.997858 0.001091 1 7
0.00236581 1.666e-03 0.998218 0.000246 1 7
0.00276792 1.666e-03 0.997677 0.000305 1 7
0.00281333 1.666e-03 0.998380 0.000388 1 7
0.00317426 1.666e-03 0.998576 0.000388 1 7
0.00322698 1.666e-03 0.997923 0.000305 1 7
0.00358629 1.666e-03 0.998393 0.000548 1 7
0.00364211 1.666e-03 0.997841 0.000275 1 7
0.00398890 1.666e-03 0.998026 0.000772 1 7
0.00405596 1.666e-03 0.997610 0.000252 1 7
0.00446187 1.666e-03 0.997444 0.000274 1 7
0.00450338 1.666e-03 0.998072 0.000491 1 7
0.00486812 1.666e-03 0.997586 0.000347 1 7
0.00491753 1.666e-03 0.997465 0.000331 1 7
0.00528187 1.666e-03 0.998257 0.000448 1 7
0.00533391 1.666e-03 0.997775 0.000294 1 7
0.00568239 1.666e-03 0.997178 0.000631 1 7
0.00574594 1.666e-03 0.997508 0.000259 1 7
0.00609456 1.666e-03 0.995997 0.001093 1 7
0.00616180 1.666e-03 0.997998 0.000246 1 7
0.00656378 1.666e-03 0.998561 0.000305 1 7
0.00660937 1.666e-03 0.997611 0.000388 1 7
0.00697271 1.666e-03 0.997989 0.000414 1 7
0.00702290 1.666e-03 0.997700 0.000305 1 7
0.00737915 1.666e-03 0.997740 0.000490 1 7
0.00743803 1.666e-03 0.998009 0.000275 1 7
0.00778801 1.666e-03 0.995606 0.000773 1 7
0.00785187 1.666e-03 0.997814 0.000252 1 7
0.00826607 1.666e-03 0.997555 0.000246 1 7
0.00830018 1.666e-03 0.997319 0.001100 1 7
0.00867019 1.666e-03 0.998338 0.000347 1 7
0.00871447 1.666e-03 0.997546 0.000348 1 7
0.00907315 1.666e-03 0.997659 0.000414 1 7
0.00912966 1.666e-03 0.998223 0.000294 1 7
0.00948420 1.666e-03 0.998012 0.000548 1 7
0.00954467 1.666e-03 0.997875 0.000266 1 7
0.00989379 1.666e-03 0.998367 0.001092 1 7
0.00995753 1.666e-03 0.997727 0.000246 1 7
0.01036504 1.666e-03 0.997987 0.000305 1 7
0.01040649 1.666e-03 0.997727 0.000448 1 7
0.01076760 1.666e-03 0.997788 0.000366 1 7
0.01082015 1.666e-03 0.997207 0.000317 1 7
0.01118034 1.666e-03 0.998099 0.000448 1 7
0.01123635 1.666e-03 0.997709 0.000284 1 7
0.01159093 1.666e-03 0.999373 0.000634 1 7
0.01165074 1.666e-03 0.998327 0.000259 1 7
0.01206466 1.666e-03 0.998781 0.000252 1 7
0.01246486 1.666e-03 0.998191 0.000317 1 7
0.01251234 1.666e-03 0.999068 0.000366 1 7
0.01286998 1.666e-03 0.999389 0.000415 1 7
0.01292538 1.666e-03 0.998502 0.000294 1 7
0.01328133 1.666e-03 1.000171 0.000548 1 7
0.01334033 1.666e-03 0.998824 0.000267 1 7
0.01369252 1.666e-03 0.998016 0.001091 1 7
0.01375663 1.666e-03 0.998759 0.000252 1 7
0.01416204 1.666e-03 0.998828 0.000274 1 7
0.01420383 1.666e-03 0.998936 0.000491 1 7
0.01456784 1.666e-03 0.999122 0.000347 1 7
0.01461795 1.666e-03 0.999278 0.000331 1 7
0.01497672 1.666e-03 0.998730 0.000448 1 7
0.01503215 1.666e-03 0.998694 0.000284 1 7
0.01538659 1.666e-03 0.998738 0.000772 1 7
0.01544668 1.666e-03 0.998683 0.000259 1 7
0.01579130 1.666e-03 0.998082 0.001091 1 7
0.01586269 1.666e-03 0.998910 0.000246 1 7
0.01626385 1.666e-03 0.999254 0.000305 1 7
0.01630951 1.666e-03 0.999379 0.000388 1 7
0.01667026 1.666e-03 0.998981 0.000388 1 7
0.01672331 1.666e-03 0.999041 0.000305 1 7
0.01708405 1.666e-03 0.999414 0.000548 1 7
0.01713856 1.666e-03 0.998912 0.000275 1 7
0.01748512 1.666e-03 0.997281 0.000772 1 7
0.01755266 1.666e-03 0.998761 0.000252 1 7
0.01796470 1.666e-03 0.999137 0.000252 1 7
0.01835611 1.736e-03 0.998882 0.000229 1 1
0.01881484 1.736e-03 0.998332 0.000252 1 1
0.01923303 1.736e-03 0.998987 0.000240 1 1
0.01965534 1.736e-03 0.999443 0.000240 1 1
0.02019652 1.736e-03 0.999164 0.000200 1 1
0.02078373 1.736e-03 0.999198 0.000194 1 1
0.02134216 1.736e-03 0.998753 0.000240 1 1
0.02176396 1.736e-03 0.998580 0.000240 1 1
0.02218867 1.736e-03 0.998925 0.000246 1 1
0.02266706 1.736e-03 0.999217 0.000220 1 1
0.02326786 1.736e-03 0.998988 0.000178 1 1
0.02387549 1.736e-03 0.999543 0.000246 1 1
0.02429445 1.736e-03 0.999380 0.000240 1 1
0.02471647 1.736e-03 0.999565 0.000240 1 1
0.02513835 1.736e-03 0.999038 0.000240 1 1
0.02571207 1.736e-03 0.998838 0.000194 1 1
0.02628505 1.736e-03 0.999041 0.000201 1 1
0.02682525 1.736e-03 0.999005 0.000240 1 1
0.02725014 1.736e-03 0.999159 0.000246 1 1
0.02766837 1.736e-03 0.999059 0.000240 1 1
0.02817537 1.736e-03 0.999144 0.000211 1 1
0.02876177 1.736e-03 0.999042 0.000186 1 1
0.02935574 1.736e-03 0.999596 0.000240 1 1
0.02977607 1.736e-03 0.999043 0.000246 1 1
0.03019933 1.736e-03 0.999165 0.000240 1 1
0.03065623 1.736e-03 0.999025 0.000234 1 1
0.03126707 1.736e-03 0.998992 0.000174 1 1
0.03188660 1.736e-03 0.998859 0.000240 1 1
0.03231082 1.736e-03 0.999064 0.000246 1 1
0.03272941 1.736e-03 0.999050 0.000240 1 1
0.03315187 1.736e-03 0.998749 0.000240 1 1
0.03369326 1.736e-03 0.998999 0.000200 1 1
0.03428014 1.736e-03 0.998913 0.000194 1 1
0.03483835 1.736e-03 0.999076 0.000240 1 1
0.03526067 1.736e-03 0.998928 0.000240 1 1
0.03568523 1.736e-03 0.999050 0.000246 1 1
0.03616525 1.736e-03 0.999177 0.000224 1 1
0.03676428 1.736e-03 0.999193 0.000178 1 1
0.03737206 1.736e-03 0.998897 0.000246 1 1
0.03779119 1.736e-03 0.999017 0.000240 1 1
0.03821298 1.736e-03 0.998695 0.000240 1 1
0.03865060 1.736e-03 0.998846 0.000240 1 1
0.03923227 1.736e-03 0.999153 0.000191 1 1
0.03980173 1.736e-03 0.998987 0.000208 1 1
0.04032201 1.736e-03 0.998946 0.000240 1 1
0.04074615 1.736e-03 0.999075 0.000246 1 1
0.04116444 1.736e-03 0.998963 0.000240 1 1
0.04169442 1.736e-03 0.998780 0.000204 1 1
0.04227397 1.736e-03 0.998771 0.000191 1 1
0.04285212 1.736e-03 0.998887 0.000240 1 1
0.04327355 1.736e-03 0.998754 0.000240 1 1
0.04369575 1.736e-03 0.999335 0.000240 1 1
0.04416811 1.736e-03 0.999213 0.000229 1 1
0.04477031 1.736e-03 0.999138 0.000176 1 1
0.04538304 1.736e-03 0.999449 0.000240 1 1
0.04580741 1.736e-03 0.998598 0.000246 1 1
0.04622633 1.736e-03 0.998734 0.000240 1 1
0.04664819 1.736e-03 0.999236 0.000240 1 1
0.04718957 1.736e-03 0.999042 0.000201 1 1
0.04777658 1.736e-03 0.998908 0.000194 1 1
0.04833517 1.736e-03 0.999218 0.000240 1 1
0.04875737 1.736e-03 0.998743 0.000240 1 1
0.04918150 1.736e-03 0.999203 0.000246 1 1
0.04968483 1.736e-03 0.998975 0.000211 1 1
0.05027522 1.736e-03 0.998900 0.000183 1 1
0.05086849 1.736e-03 0.998977 0.000246 1 1
0.05128697 1.736e-03 0.998994 0.000240 1 1
0.05170900 1.736e-03 0.999301 0.000240 1 1
0.05214761 1.736e-03 0.998818 0.000234 1 1
0.05274420 1.736e-03 0.998929 0.000186 1 1
0.05332074 1.736e-03 0.999008 0.000215 1 1
0.05381843 1.736e-03 0.999329 0.000240 1 1
0.05424247 1.736e-03 0.998752 0.000246 1 1
0.05466172 1.736e-03 0.998844 0.000240 1 1
0.05519472 1.736e-03 0.998771 0.000208 1 1
0.05577039 1.736e-03 0.999004 0.000191 1 1
0.05634697 1.736e-03 0.999512 0.000246 1 1
0.05677043 1.736e-03 0.999289 0.000240 1 1
0.05719241 1.736e-03 0.999520 0.000240 1 1
0.05767833 1.736e-03 0.998862 0.000224 1 1
0.05827401 1.736e-03 0.999231 0.000178 1 1
0.05887963 1.736e-03 0.999275 0.000240 1 1
0.05930390 1.736e-03 0.998830 0.000246 1 1
0.05972243 1.736e-03 0.999457 0.000240 1 1
0.06014436 1.736e-03 0.999135 0.000240 1 1
0.06070980 1.736e-03 0.998994 0.000197 1 1
0.06129112 1.736e-03 0.999192 0.000201 1 1
0.06183152 1.736e-03 0.999135 0.000240 1 1
0.06225364 1.736e-03 0.999177 0.000240 1 1
0.06267783 1.736e-03 0.998581 0.000246 1 1
0.06318136 1.736e-03 0.999244 0.000211 1 1
0.06377121 1.736e-03 0.998938 0.000183 1 1
0.06436486 1.736e-03 0.999750 0.000246 1 1
0.06478389 1.736e-03 0.999046 0.000240 1 1
0.06520536 1.736e-03 0.998938 0.000240 1 1
0.06564423 1.736e-03 0.998908 0.000234 1 1
0.06624042 1.736e-03 0.998969 0.000186 1 1
0.06681793 1.736e-03 0.999103 0.000215 1 1
0.06731498 1.736e-03 0.999109 0.000240 1 1
0.06773898 1.736e-03 0.998861 0.000246 1 1
0.06815767 1.736e-03 0.998992 0.000240 1 1
0.06868714 1.736e-03 0.998871 0.000204 1 1
0.06926701 1.736e-03 0.999187 0.000191 1 1
0.06984480 1.736e-03 0.999243 0.000240 1 1
0.07026657 1.736e-03 0.999407 0.000240 1 1
0.07068904 1.736e-03 0.999118 0.000240 1 1
0.07117492 1.736e-03 0.998880 0.000224 1 1
0.07177019 1.736e-03 0.999026 0.000178 1 1
0.07237561 1.736e-03 0.999544 0.000240 1 1
0.07280015 1.736e-03 0.999071 0.000246 1 1
0.07321872 1.736e-03 0.999538 0.000240 1 1
0.07364068 1.736e-03 0.998801 0.000240 1 1
0.07420166 1.736e-03 0.998932 0.000194 1 1
0.07478731 1.736e-03 0.999166 0.000201 1 1
0.07532846 1.736e-03 0.999009 0.000240 1 1
0.07575021 1.736e-03 0.998921 0.000240 1 1
0.07617407 1.736e-03 0.998958 0.000246 1 1
0.07667769 1.736e-03 0.999241 0.000211 1 1
0.07726799 1.736e-03 0.999400 0.000183 1 1
0.07786135 1.736e-03 0.999233 0.000246 1 1
0.07828023 1.736e-03 0.999096 0.000240 1 1
0.07870201 1.736e-03 0.999406 0.000240 1 1
0.07914091 1.736e-03 0.999199 0.000234 1 1
0.07976403 1.736e-03 0.999359 0.000176 1 1
0.08037145 1.736e-03 0.999324 0.000234 1 1
0.08081101 1.736e-03 0.999088 0.000240 1 1
0.08123566 1.736e-03 0.999395 0.000246 1 1
0.08165418 1.736e-03 0.999406 0.000240 1 1
0.08219387 1.736e-03 0.999291 0.000201 1 1
0.08277153 1.736e-03 0.999358 0.000194 1 1
0.08334099 1.736e-03 0.999387 0.000240 1 1
0.08376358 1.736e-03 0.999331 0.000240 1 1
0.08418553 1.736e-03 0.998822 0.000240 1 1
0.08467091 1.736e-03 0.998825 0.000224 1 1
0.08526655 1.736e-03 0.999582 0.000178 1 1
0.08587226 1.736e-03 0.999283 0.000240 1 1
0.08629696 1.736e-03 0.999088 0.000246 1 1
0.08671530 1.736e-03 0.999196 0.000240 1 1
0.08715363 1.736e-03 0.999319 0.000234 1 1
0.08771434 1.736e-03 0.998976 0.000194 1 1
0.08829393 1.736e-03 0.999228 0.000204 1 1
0.08882444 1.736e-03 0.999136 0.000240 1 1
0.08924646 1.736e-03 0.999211 0.000240 1 1
0.08967073 1.736e-03 0.999538 0.000246 1 1
0.09018599 1.736e-03 0.999272 0.000208 1 1
0.09077181 1.736e-03 0.999140 0.000186 1 1
0.09135801 1.736e-03 0.999247 0.000246 1 1
0.09177629 1.736e-03 0.999288 0.000240 1 1
0.09219864 1.736e-03 0.999328 0.000240 1 1
0.09265271 1.736e-03 0.999024 0.000229 1 1
0.09327305 1.736e-03 0.999350 0.000176 1 1
0.09388555 1.736e-03 0.999474 0.000240 1 1
0.09430724 1.736e-03 0.999136 0.000240 1 1
0.09473165 1.736e-03 0.999721 0.000246 1 1
0.09515068 1.736e-03 0.999156 0.000240 1 1
0.09570496 1.736e-03 0.999411 0.000201 1 1
0.09627658 1.736e-03 0.999130 0.000197 1 1
0.09683751 1.736e-03 0.999544 0.000240 1 1
0.09725998 1.736e-03 0.999820 0.000246 1 1
0.09768151 1.736e-03 0.999501 0.000240 1 1
0.09818087 1.736e-03 0.999459 0.000220 1 1
0.09876554 1.736e-03 0.999317 0.000183 1 1
0.09936858 1.736e-03 0.999607 0.000240 1 1
0.09979332 1.736e-03 0.999190 0.000246 1 1
0.10021174 1.736e-03 0.999310 0.000240 1 1
0.10065144 1.736e-03 0.999226 0.000240 1 1
0.10122733 1.736e-03 0.999268 0.000188 1 1
0.10181218 1.736e-03 0.999388 0.000211 1 1
0.10232119 1.736e-03 0.999245 0.000246 1 1
0.10274266 1.736e-03 0.999479 0.000240 1 1
0.10316704 1.736e-03 0.999736 0.000246 1 1
0.10368223 1.736e-03 0.999226 0.000208 1 1
0.10427621 1.736e-03 0.999405 0.000188 1 1
0.10485399 1.736e-03 0.999538 0.000246 1 1
0.10527235 1.736e-03 0.999807 0.000240 1 1
0.10569527 1.736e-03 0.999513 0.000246 1 1
0.10614896 1.736e-03 0.999786 0.000229 1 1
0.10676941 1.736e-03 0.999432 0.000176 1 1
0.10738188 1.736e-03 0.999211 0.000246 1 1
0.10780396 1.736e-03 0.999585 0.000240 1 1
0.10822859 1.736e-03 0.999182 0.000246 1 1
0.10864705 1.736e-03 0.999222 0.000240 1 1
0.10921102 1.736e-03 0.999554 0.000197 1 1
0.10978241 1.736e-03 0.999669 0.000201 1 1
0.11033450 1.736e-03 0.999192 0.000240 1 1
0.11075661 1.736e-03 0.999526 0.000246 1 1
0.11117814 1.736e-03 0.998788 0.000240 1 1
0.11167709 1.736e-03 0.999247 0.000220 1 1
0.11226220 1.736e-03 0.999391 0.000183 1 1
0.11286529 1.736e-03 0.999752 0.000240 1 1
0.11328943 1.736e-03 0.999325 0.000246 1 1
0.11370778 1.736e-03 0.999356 0.000240 1 1
0.11414680 1.736e-03 0.999253 0.000234 1 1
0.11473183 1.736e-03 0.999419 0.000186 1 1
0.11531991 1.736e-03 0.999778 0.000215 1 1
0.11581689 1.736e-03 0.999455 0.000240 1 1
0.11623910 1.736e-03 0.999325 0.000240 1 1
0.11666388 1.736e-03 0.999696 0.000246 1 1
0.11718944 1.736e-03 0.999709 0.000204 1 1
0.11777284 1.736e-03 0.999585 0.000188 1 1
0.11835055 1.736e-03 0.999368 0.000246 1 1
0.11876970 1.736e-03 0.999901 0.000240 1 1
0.11919138 1.736e-03 0.999590 0.000240 1 1
0.11964533 1.736e-03 0.999664 0.000229 1 1
0.12026606 1.736e-03 0.999519 0.000176 1 1
0.12087848 1.736e-03 0.999349 0.000240 1 1
0.12130060 1.736e-03 0.999721 0.000240 1 1
0.12172488 1.736e-03 0.999903 0.000246 1 1
0.12214320 1.736e-03 0.999683 0.000240 1 1
0.12270282 1.736e-03 0.999783 0.000194 1 1
0.12327890 1.736e-03 0.999609 0.000201 1 1
0.12383034 1.736e-03 0.999922 0.000240 1 1
0.12425227 1.736e-03 0.999765 0.000240 1 1
0.12467441 1.736e-03 0.999557 0.000240 1 1
0.12517339 1.736e-03 0.999347 0.000220 1 1
0.12576281 1.736e-03 0.999654 0.000181 1 1
0.12636158 1.736e-03 0.999856 0.000240 1 1
0.12678576 1.736e-03 0.999321 0.000246 1 1
0.12720451 1.736e-03 0.999322 0.000240 1 1
0.12764315 1.736e-03 0.999429 0.000234 1 1
0.12824768 1.736e-03 0.999483 0.000183 1 1
0.12884313 1.736e-03 0.999806 0.000224 1 1
0.12931379 1.736e-03 0.999609 0.000240 1 1
0.12973553 1.736e-03 0.999446 0.000240 1 1
0.13015989 1.736e-03 0.999726 0.000246 1 1
0.13069648 1.736e-03 0.999585 0.000201 1 1
0.13127757 1.736e-03 0.999777 0.000191 1 1
0.13184725 1.736e-03 1.000024 0.000246 1 1
0.13226568 1.736e-03 0.999323 0.000240 1 1
0.13268771 1.736e-03 0.999800 0.000240 1 1
0.13315691 1.736e-03 0.999526 0.000224 1 1
0.13376925 1.736e-03 0.999762 0.000178 1 1
0.13437453 1.736e-03 0.999679 0.000240 1 1
0.13479699 1.736e-03 0.999566 0.000240 1 1
0.13522115 1.736e-03 0.999577 0.000246 1 1
0.13565615 1.736e-03 0.999573 0.000234 1 1
0.13622299 1.736e-03 0.999852 0.000191 1 1
0.13679483 1.736e-03 0.999191 0.000208 1 1
0.13732698 1.736e-03 0.999860 0.000240 1 1
0.13774866 1.736e-03 0.999620 0.000240 1 1
0.13817087 1.736e-03 0.999346 0.000240 1 1
0.13869409 1.736e-03 0.999820 0.000211 1 1
0.13927470 1.736e-03 0.999559 0.000186 1 1
0.13985783 1.736e-03 0.999471 0.000240 1 1
0.14028213 1.736e-03 0.999861 0.000246 1 1
0.14070103 1.736e-03 1.000032 0.000240 1 1
0.14116922 1.736e-03 0.999485 0.000224 1 1
0.14177266 1.736e-03 1.000242 0.000178 1 1
0.14238811 1.736e-03 0.999574 0.000240 1 1
0.14280984 1.736e-03 0.999796 0.000240 1 1
0.14323236 1.736e-03 0.999753 0.000240 1 1
0.14365661 1.736e-03 0.999785 0.000246 1 1
0.14419280 1.736e-03 1.000221 0.000200 1 1
0.14477351 1.736e-03 1.000011 0.000191 1 1
0.14534353 1.736e-03 0.999558 0.000246 1 1
0.14576054 1.736e-03 0.999932 0.000246 1 1
0.14618436 1.736e-03 0.999764 0.000240 1 1
0.14666663 1.736e-03 0.999964 0.000220 1 1
0.14727273 1.736e-03 0.999556 0.000181 1 1
0.14787123 1.736e-03 0.999614 0.000240 1 1
0.14829348 1.736e-03 0.999894 0.000240 1 1
0.14871722 1.736e-03 0.999818 0.000246 1 1
0.14915227 1.736e-03 0.999739 0.000240 1 1
0.14972794 1.736e-03 0.999962 0.000188 1 1
0.15030224 1.736e-03 0.999879 0.000211 1 1
0.15082209 1.736e-03 0.999922 0.000246 1 1
0.15124527 1.736e-03 1.000395 0.000240 1 1
0.15166760 1.736e-03 0.999830 0.000240 1 1
0.15219096 1.736e-03 1.000011 0.000211 1 1
0.15277792 1.736e-03 1.000109 0.000188 1 1
0.15335436 1.736e-03 0.999838 0.000240 1 1
0.15377890 1.736e-03 0.999921 0.000246 1 1
0.15419628 1.736e-03 0.999584 0.000246 1 1
0.15466565 1.736e-03 0.999692 0.000224 1 1
0.15526883 1.736e-03 0.999784 0.000178 1 1
0.15588300 1.736e-03 1.000058 0.000246 1 1
0.15630662 1.736e-03 0.999863 0.000240 1 1
0.15672836 1.736e-03 1.000178 0.000240 1 1
0.15715256 1.736e-03 1.000186 0.000246 1 1
0.15771216 1.736e-03 0.999463 0.000197 1 1
0.15828769 1.736e-03 0.999364 0.000197 1 1
0.15884005 1.736e-03 0.999785 0.000246 1 1
0.15925730 1.736e-03 0.999819 0.000246 1 1
0.15968021 1.736e-03 0.999962 0.000240 1 1
0.16016371 1.736e-03 0.999902 0.000220 1 1
0.16076367 1.736e-03 1.000018 0.000183 1 1
0.16136774 1.736e-03 0.999838 0.000240 1 1
0.16178960 1.736e-03 0.999755 0.000240 1 1
0.16221411 1.736e-03 0.999924 0.000246 1 1
0.16264866 1.736e-03 0.999742 0.000240 1 1
0.16323198 1.736e-03 0.999795 0.000186 1 1
0.16381033 1.736e-03 0.999677 0.000216 1 1
0.16431839 1.736e-03 0.999982 0.000246 1 1
0.16474199 1.736e-03 1.000370 0.000240 1 1
0.16516382 1.736e-03 1.000361 0.000240 1 1
0.16568699 1.736e-03 1.000121 0.000211 1 1
0.16627445 1.736e-03 1.000307 0.000188 1 1
0.16685059 1.736e-03 1.000208 0.000240 1 1
0.16727496 1.736e-03 0.999961 0.000246 1 1
0.16769247 1.736e-03 0.999931 0.000246 1 1
0.16816208 1.736e-03 1.000089 0.000224 1 1
0.16876511 1.736e-03 0.999874 0.000178 1 1
0.16938069 1.736e-03 0.999704 0.000240 1 1
0.16980314 1.736e-03 0.999853 0.000240 1 1
0.17022468 1.736e-03 1.000056 0.000240 1 1
0.17064930 1.736e-03 1.000543 0.000246 1 1
0.17120477 1.736e-03 1.000206 0.000194 1 1
0.17178402 1.736e-03 0.999723 0.000197 1 1
0.17233667 1.736e-03 1.000109 0.000246 1 1
0.17275513 1.736e-03 0.999752 0.000240 1 1
0.17317709 1.736e-03 1.000434 0.000240 1 1
0.17365987 1.736e-03 1.000109 0.000220 1 1
0.17426597 1.736e-03 1.000184 0.000181 1 1
0.17486426 1.736e-03 1.000250 0.000240 1 1
0.17528602 1.736e-03 1.000299 0.000240 1 1
0.17571039 1.736e-03 1.000078 0.000246 1 1
0.17614547 1.736e-03 1.000085 0.000234 1 1
0.17672862 1.736e-03 1.000418 0.000186 1 1
0.17730642 1.736e-03 0.999795 0.000215 1 1
0.17781571 1.736e-03 0.999890 0.000240 1 1
0.17823835 1.736e-03 1.000993 0.000240 1 1
0.17866006 1.736e-03 0.999901 0.000240 1 1
0.17919449 1.736e-03 1.000231 0.000208 1 1
0.17977156 1.736e-03 1.000289 0.000188 1 1
0.18034698 1.736e-03 0.999681 0.000240 1 1
0.18077186 1.736e-03 1.000305 0.000246 1 1
0.18118986 1.736e-03 0.999990 0.000240 1 1
0.18167220 1.736e-03 1.000172 0.000220 1 1
0.18227475 1.736e-03 0.999883 0.000183 1 1
0.18287773 1.736e-03 0.999989 0.000240 1 1
0.18329954 1.736e-03 1.000551 0.000240 1 1
0.18372107 1.736e-03 1.000034 0.000240 1 1
0.18416239 1.736e-03 1.000273 0.000240 1 1
0.18470839 1.736e-03 0.999769 0.000197 1 1
0.18528056 1.736e-03 1.000038 0.000197 1 1
0.18583275 1.736e-03 1.000477 0.000246 1 1
0.18625111 1.736e-03 1.000251 0.000240 1 1
0.18667375 1.736e-03 1.000314 0.000240 1 1
0.18716958 1.736e-03 1.000542 0.000215 1 1
0.18776927 1.736e-03 1.000169 0.000183 1 1
0.18836018 1.736e-03 1.000029 0.000240 1 1
0.18878234 1.736e-03 1.000431 0.000240 1 1
0.18920675 1.736e-03 0.999994 0.000246 1 1
0.18965731 1.736e-03 1.000333 0.000229 1 1
0.19025308 1.736e-03 1.000323 0.000181 1 1
0.19084264 1.736e-03 1.000009 0.000229 1 1
0.19131294 1.736e-03 0.999922 0.000240 1 1
0.19173473 1.736e-03 1.000329 0.000240 1 1
0.19215625 1.736e-03 0.999978 0.000240 1 1
0.19270189 1.736e-03 1.000148 0.000204 1 1
0.19327637 1.736e-03 1.000475 0.000191 1 1
0.19384392 1.736e-03 0.999963 0.000240 1 1
0.19426812 1.736e-03 0.999858 0.000246 1 1
0.19468658 1.736e-03 1.000333 0.000240 1 1
0.19516907 1.736e-03 1.000788 0.000220 1 1
0.19576525 1.736e-03 1.000127 0.000181 1 1
0.19637367 1.736e-03 1.000661 0.000240 1 1
0.19679566 1.736e-03 1.000790 0.000240 1 1
0.19721773 1.736e-03 1.000506 0.000240 1 1
0.19765881 1.736e-03 1.000179 0.000240 1 1
0.19822203 1.736e-03 1.000358 0.000191 1 1
0.19879618 1.736e-03 1.000406 0.000204 1 1
0.19932905 1.736e-03 1.000317 0.000246 1 1
0.19974776 1.736e-03 1.000107 0.000240 1 1
0.20016989 1.736e-03 1.000288 0.000240 1 1
0.20067803 1.736e-03 1.000470 0.000211 1 1
0.20127357 1.736e-03 1.000352 0.000186 1 1
0.20185660 1.736e-03 1.000334 0.000240 1 1
0.20227898 1.736e-03 1.000297 0.000240 1 1
0.20270324 1.736e-03 1.000111 0.000246 1 1
0.20315352 1.736e-03 1.000378 0.000229 1 1
0.20376865 1.736e-03 1.000345 0.000174 1 1
0.20439021 1.736e-03 1.000483 0.000246 1 1
0.20480890 1.736e-03 1.000140 0.000240 1 1
0.20523094 1.736e-03 1.000353 0.000240 1 1
0.20565299 1.736e-03 1.000204 0.000240 1 1
0.20620829 1.736e-03 1.000355 0.000201 1 1
0.20678115 1.736e-03 1.000849 0.000194 1 1
0.20734035 1.736e-03 1.000788 0.000240 1 1
0.20776452 1.736e-03 1.000337 0.000246 1 1
0.20818323 1.736e-03 1.000560 0.000240 1 1
0.20867774 1.736e-03 1.000574 0.000216 1 1
0.20926876 1.736e-03 1.000464 0.000183 1 1
0.20987005 1.736e-03 1.000673 0.000240 1 1
0.21029061 1.736e-03 1.000165 0.000246 1 1
0.21071365 1.736e-03 1.001028 0.000240 1 1
0.21115524 1.736e-03 1.000129 0.000240 1 1
0.21172681 1.736e-03 1.000225 0.000188 1 1
0.21230313 1.736e-03 1.000272 0.000208 1 1
0.21282531 1.736e-03 1.000281 0.000246 1 1
0.21324428 1.736e-03 1.000252 0.000240 1 1
0.21366599 1.736e-03 1.000631 0.000240 1 1
0.21417479 1.736e-03 1.000431 0.000212 1 1
0.21477013 1.736e-03 1.000565 0.000186 1 1
0.21535311 1.736e-03 1.000211 0.000240 1 1
0.21577571 1.736e-03 1.000139 0.000240 1 1
0.21619991 1.736e-03 1.000360 0.000246 1 1
0.21665027 1.736e-03 1.000476 0.000229 1 1
0.21726470 1.736e-03 1.000472 0.000174 1 1
0.21788693 1.736e-03 1.000345 0.000246 1 1
0.21830542 1.736e-03 1.000824 0.000240 1 1
0.21872738 1.736e-03 1.000020 0.000240 1 1
0.21914909 1.736e-03 1.000104 0.000240 1 1
0.21970452 1.736e-03 1.000586 0.000201 1 1
0.22027762 1.736e-03 1.000632 0.000194 1 1
0.22083665 1.736e-03 1.000379 0.000240 1 1
0.22126046 1.736e-03 1.000166 0.000246 1 1
0.22167961 1.736e-03 1.000267 0.000240 1 1
0.22217439 1.736e-03 0.999894 0.000216 1 1
0.22276524 1.736e-03 1.000424 0.000183 1 1
0.22336641 1.736e-03 1.000688 0.000240 1 1
0.22378854 1.736e-03 1.000006 0.000240 1 1
0.22421087 1.736e-03 1.000614 0.000240 1 1
0.22466777 1.736e-03 1.000283 0.000234 1 1
0.22524257 1.736e-03 1.000694 0.000191 1 1
0.22581060 1.736e-03 1.000639 0.000212 1 1
0.22632205 1.736e-03 1.000476 0.000246 1 1
0.22674083 1.736e-03 1.000947 0.000240 1 1
0.22716278 1.736e-03 1.000539 0.000240 1 1
0.22768266 1.736e-03 1.000172 0.000208 1 1
0.22827428 1.736e-03 1.000634 0.000188 1 1
0.22884992 1.736e-03 0.999967 0.000240 1 1
0.22927169 1.736e-03 1.000768 0.000240 1 1
0.22969593 1.736e-03 1.000802 0.000246 1 1
0.23017473 1.736e-03 1.000510 0.000220 1 1
0.23077506 1.736e-03 1.000002 0.000178 1 1
0.23138287 1.736e-03 1.001120 0.000246 1 1
0.23180197 1.736e-03 1.000741 0.000240 1 1
0.23222358 1.736e-03 1.000535 0.000240 1 1
0.23264613 1.736e-03 1.000377 0.000240 1 1
0.23321033 1.736e-03 1.000627 0.000197 1 1
0.23378324 1.736e-03 1.000490 0.000197 1 1
0.23433262 1.736e-03 1.000778 0.000240 1 1
0.23475757 1.736e-03 1.000137 0.000246 1 1
0.23517595 1.736e-03 1.000370 0.000240 1 1
0.23568272 1.736e-03 1.000478 0.000211 1 1
0.23626934 1.736e-03 1.000623 0.000186 1 1
0.23686295 1.736e-03 1.000295 0.000240 1 1
0.23728528 1.736e-03 1.000061 0.000240 1 1
0.23770708 1.736e-03 1.000145 0.000240 1 1
0.23816385 1.736e-03 1.000535 0.000234 1 1
0.23874218 1.736e-03 1.000320 0.000186 1 1
0.23931882 1.736e-03 1.000173 0.000216 1 1
0.23981830 1.736e-03 1.000613 0.000246 1 1
0.24023678 1.736e-03 1.000532 0.000240 1 1
0.24065893 1.736e-03 1.000538 0.000240 1 1
0.24117915 1.736e-03 1.000523 0.000208 1 1
0.24177048 1.736e-03 1.000357 0.000188 1 1
0.24234631 1.736e-03 1.000248 0.000240 1 1
0.24276795 1.736e-03 1.000253 0.000240 1 1
0.24319234 1.736e-03 1.000838 0.000252 1 1
0.24367096 1.736e-03 1.000519 0.000220 1 1
0.24427127 1.736e-03 1.000566 0.000178 1 1
0.24487974 1.736e-03 1.000553 0.000246 1 1
0.24529830 1.736e-03 1.000507 0.000240 1 1
0.24572060 1.736e-03 1.000541 0.000246 1 1
0.24614224 1.736e-03 1.000426 0.000240 1 1
0.24671621 1.736e-03 1.000955 0.000194 1 1
0.24728916 1.736e-03 1.000245 0.000201 1 1
0.24782935 1.736e-03 1.001002 0.000240 1 1
0.24825365 1.736e-03 1.000394 0.000246 1 1
0.24867216 1.736e-03 1.000816 0.000240 1 1
0.24917942 1.736e-03 1.000462 0.000211 1 1
0.24976566 1.736e-03 1.000606 0.000186 1 1
0.25035902 1.736e-03 1.000550 0.000240 1 1
0.25078166 1.736e-03 1.000064 0.000240 1 1
0.25120334 1.736e-03 1.000531 0.000240 1 1
0.25166024 1.736e-03 1.000807 0.000234 1 1
0.25225859 1.736e-03 1.000706 0.000178 1 1
0.25285360 1.736e-03 1.000426 0.000234 1 1
0.25331524 1.736e-03 1.000253 0.000246 1 1
0.25373347 1.736e-03 1.000359 0.000240 1 1
0.25415551 1.736e-03 1.000204 0.000240 1 1
0.25468948 1.736e-03 1.000104 0.000208 1 1
0.25527548 1.736e-03 1.000429 0.000191 1 1
0.25584264 1.736e-03 1.000500 0.000240 1 1
0.25626431 1.736e-03 1.000643 0.000240 1 1
0.25668897 1.736e-03 1.000621 0.000246 1 1
0.25716728 1.736e-03 1.000612 0.000220 1 1
0.25776814 1.736e-03 1.000768 0.000178 1 1
0.25837607 1.736e-03 1.000203 0.000246 1 1
0.25879447 1.736e-03 1.000504 0.000240 1 1
0.25921709 1.736e-03 1.000358 0.000240 1 1
0.25963880 1.736e-03 1.000906 0.000240 1 1
0.26022105 1.736e-03 1.000426 0.000191 1 1
0.26079501 1.736e-03 1.000469 0.000204 1 1
0.26132563 1.736e-03 1.000560 0.000240 1 1
0.26175004 1.736e-03 1.000592 0.000246 1 1
0.26216858 1.736e-03 1.000637 0.000240 1 1
0.26267544 1.736e-03 1.000996 0.000211 1 1
0.26326199 1.736e-03 1.000280 0.000186 1 1
0.26385578 1.736e-03 0.999902 0.000240 1 1
0.26427798 1.736e-03 1.000393 0.000240 1 1
0.26469942 1.736e-03 1.000742 0.000240 1 1
0.26515694 1.736e-03 1.000287 0.000234 1 1
0.26576733 1.736e-03 1.000460 0.000174 1 1
0.26638682 1.736e-03 1.000341 0.000240 1 1
0.26681120 1.736e-03 1.000493 0.000246 1 1
0.26722987 1.736e-03 1.000181 0.000240 1 1
0.26765219 1.736e-03 1.000443 0.000240 1 1
0.26819373 1.736e-03 1.000400 0.000201 1 1
0.26878033 1.736e-03 1.000437 0.000194 1 1
0.26933896 1.736e-03 1.000916 0.000240 1 1
0.26976102 1.736e-03 1.000647 0.000240 1 1
0.27018544 1.736e-03 1.000698 0.000246 1 1
0.27066370 1.736e-03 1.000233 0.000220 1 1
0.27126433 1.736e-03 1.000322 0.000178 1 1
0.27187239 1.736e-03 0.999971 0.000246 1 1
0.27229110 1.736e-03 1.000473 0.000240 1 1
0.27271295 1.736e-03 1.000397 0.000240 1 1
0.27315149 1.736e-03 1.000485 0.000234 1 1
0.27373252 1.736e-03 1.000347 0.000191 1 1
0.27430191 1.736e-03 1.000427 0.000208 1 1
0.27482185 1.736e-03 0.999984 0.000240 1 1
0.27524656 1.736e-03 1.000585 0.000246 1 1
0.27566481 1.736e-03 1.000351 0.000240 1 1
0.27619781 1.736e-03 1.000537 0.000208 1 1
0.27677400 1.736e-03 1.000671 0.000191 1 1
0.27735227 1.736e-03 1.000876 0.000240 1 1
0.27777422 1.736e-03 1.000386 0.000240 1 1
0.27819621 1.736e-03 1.000329 0.000240 1 1
0.27866850 1.736e-03 1.000201 0.000229 1 1
0.27927042 1.736e-03 1.000394 0.000176 1 1
0.27988364 1.736e-03 1.000266 0.000240 1 1
0.28030789 1.736e-03 1.000055 0.000246 1 1
0.28072656 1.736e-03 1.000656 0.000240 1 1
0.28114835 1.736e-03 1.000655 0.000240 1 1
0.28168992 1.736e-03 1.000432 0.000201 1 1
0.28227662 1.736e-03 1.000224 0.000194 1 1
0.28283526 1.736e-03 1.000250 0.000240 1 1
0.28325694 1.736e-03 1.000178 0.000240 1 1
0.28368184 1.736e-03 1.000325 0.000246 1 1
0.28418519 1.736e-03 1.000656 0.000211 1 1
0.28477536 1.736e-03 1.000571 0.000183 1 1
0.28536846 1.736e-03 1.000414 0.000246 1 1
0.28578745 1.736e-03 1.000328 0.000240 1 1
0.28620931 1.736e-03 1.000601 0.000240 1 1
0.28664818 1.736e-03 1.000596 0.000234 1 1
0.28723678 1.736e-03 1.000530 0.000188 1 1
0.28780961 1.736e-03 1.000419 0.000211 1 1
0.28831890 1.736e-03 1.000625 0.000240 1 1
0.28874319 1.736e-03 1.000637 0.000246 1 1
0.28916188 1.736e-03 1.000467 0.000240 1 1
0.28969095 1.736e-03 1.000023 0.000204 1 1
0.29027090 1.736e-03 1.000684 0.000191 1 1
0.29084879 1.736e-03 1.000286 0.000240 1 1
0.29127074 1.736e-03 1.000228 0.000240 1 1
0.29169240 1.736e-03 1.000721 0.000240 1 1
0.29217865 1.736e-03 1.000382 0.000224 1 1
0.29277416 1.736e-03 1.000613 0.000178 1 1
0.29337964 1.736e-03 1.000391 0.000240 1 1
0.29380384 1.736e-03 0.999996 0.000246 1 1
0.29422286 1.736e-03 1.000285 0.000240 1 1
0.29464486 1.736e-03 1.000476 0.000240 1 1
0.29520584 1.736e-03 1.000417 0.000194 1 1
0.29579091 1.736e-03 1.000978 0.000201 1 1
0.29633151 1.736e-03 1.000394 0.000240 1 1
0.29675414 1.736e-03 1.000353 0.000240 1 1
0.29717837 1.736e-03 1.000296 0.000246 1 1
0.29768177 1.736e-03 1.000435 0.000211 1 1
0.29827173 1.736e-03 1.000367 0.000183 1 1
0.29886537 1.736e-03 1.000675 0.000246 1 1
0.29928235 1.736e-03 1.000418 0.000246 1 1
0.29970570 1.736e-03 1.000240 0.000240 1 1
0.30014439 1.736e-03 1.000205 0.000234 1 1
0.30075508 1.736e-03 1.000481 0.000181 1 1
0.30134463 1.736e-03 0.999899 0.000224 1 1
0.30181502 1.736e-03 0.999993 0.000240 1 1
0.30223924 1.736e-03 1.000414 0.000246 1 1
0.30265829 1.736e-03 1.000538 0.000240 1 1
0.30318745 1.736e-03 1.000552 0.000204 1 1
0.30376685 1.736e-03 1.000106 0.000191 1 1
0.30434479 1.736e-03 1.000326 0.000240 1 1
0.30476687 1.736e-03 1.000211 0.000240 1 1
0.30518914 1.736e-03 1.000192 0.000240 1 1
0.30567498 1.736e-03 1.000334 0.000224 1 1
0.30627055 1.736e-03 1.000545 0.000178 1 1
0.30687591 1.736e-03 1.000209 0.000240 1 1
0.30730078 1.736e-03 1.000339 0.000246 1 1
0.30771926 1.736e-03 1.000272 0.000240 1 1
0.30814087 1.736e-03 1.000373 0.000240 1 1
0.30870712 1.736e-03 1.000373 0.000197 1 1
0.30928778 1.736e-03 1.000014 0.000201 1 1
0.30982835 1.736e-03 1.000264 0.000240 1 1
0.31025033 1.736e-03 1.000703 0.000240 1 1
0.31067457 1.736e-03 1.000139 0.000246 1 1
0.31117830 1.736e-03 1.000837 0.000211 1 1
0.31176826 1.736e-03 1.000376 0.000183 1 1
0.31236164 1.736e-03 1.000149 0.000246 1 1
0.31278010 1.736e-03 0.999866 0.000240 1 1
0.31320230 1.736e-03 1.000009 0.000240 1 1
0.31364102 1.736e-03 1.000200 0.000234 1 1
0.31425781 1.736e-03 1.000174 0.000178 1 1
0.31485570 1.736e-03 1.000044 0.000229 1 1
0.31531130 1.736e-03 1.000183 0.000240 1 1
0.31573555 1.736e-03 1.000279 0.000246 1 1
0.31615255 1.736e-03 1.000109 0.000246 1 1
0.31669395 1.736e-03 1.000084 0.000201 1 1
0.31727460 1.736e-03 1.000265 0.000201 1 1
0.31784116 1.736e-03 1.000216 0.000240 1 1
0.31826358 1.736e-03 1.000502 0.000240 1 1
0.31868412 1.736e-03 0.999964 0.000246 1 1
0.31917163 1.736e-03 1.000058 0.000224 1 1
0.31976731 1.736e-03 1.000368 0.000178 1 1
0.32037096 1.736e-03 1.000019 0.000246 1 1
0.32079687 1.736e-03 1.000553 0.000246 1 1
0.32121557 1.736e-03 1.000127 0.000240 1 1
0.32165415 1.736e-03 1.000129 0.000234 1 1
0.32220903 1.736e-03 1.000128 0.000201 1 1
0.32278417 1.736e-03 1.000517 0.000201 1 1
0.32332500 1.736e-03 0.999545 0.000240 1 1
0.32374525 1.736e-03 0.999886 0.000246 1 1
0.32417099 1.736e-03 0.999958 0.000246 1 1
0.32468587 1.736e-03 1.000191 0.000208 1 1
0.32526656 1.736e-03 0.999935 0.000189 1 1
0.32585797 1.736e-03 1.000362 0.000246 1 1
0.32627579 1.736e-03 1.000419 0.000246 1 1
0.32669833 1.736e-03 1.000511 0.000240 1 1
0.32715331 1.736e-03 0.999800 0.000234 1 1
0.32777343 1.736e-03 1.000023 0.000176 1 1
0.32838596 1.736e-03 1.000315 0.000240 1 1
0.32880853 1.736e-03 0.999824 0.000252 1 1
0.32923233 1.736e-03 0.999957 0.000246 1 1
0.32965067 1.736e-03 0.999699 0.000240 1 1
0.33020081 1.736e-03 0.999869 0.000197 1 1
0.33078561 1.736e-03 1.000067 0.000201 1 1
0.33133783 1.736e-03 1.000192 0.000240 1 1
0.33176035 1.736e-03 1.000521 0.000240 1 1
0.33218072 1.736e-03 0.999904 0.000246 1 1
0.33268114 1.736e-03 0.999985 0.000220 1 1
0.33327044 1.736e-03 0.999914 0.000181 1 1
0.33386772 1.736e-03 0.999591 0.000246 1 1
0.33429337 1.736e-03 0.999849 0.000246 1 1
0.33471189 1.736e-03 0.999617 0.000240 1 1
0.33515014 1.736e-03 1.000100 0.000234 1 1
0.33572378 1.736e-03 0.999874 0.000194 1 1
0.33630094 1.736e-03 0.999886 0.000208 1 1
0.33682081 1.736e-03 0.999840 0.000240 1 1
0.33724287 1.736e-03 0.999607 0.000240 1 1
0.33766739 1.736e-03 1.000065 0.000246 1 1
0.33819328 1.736e-03 0.999961 0.000204 1 1
0.33877655 1.736e-03 1.000171 0.000188 1 1
0.33935453 1.736e-03 0.999932 0.000246 1 1
0.33977303 1.736e-03 0.999742 0.000240 1 1
0.34019549 1.736e-03 0.999672 0.000240 1 1
0.34064973 1.736e-03 0.999894 0.000229 1 1
0.34126967 1.736e-03 0.999914 0.000176 1 1
0.34188233 1.736e-03 1.000473 0.000240 1 1
0.34230423 1.736e-03 0.999366 0.000240 1 1
0.34272879 1.736e-03 0.999985 0.000246 1 1
0.34314733 1.736e-03 1.000001 0.000240 1 1
0.34371025 1.736e-03 1.000178 0.000197 1 1
0.34428259 1.736e-03 1.000120 0.000201 1 1
0.34483445 1.736e-03 1.000169 0.000240 1 1
0.34525623 1.736e-03 0.999537 0.000240 1 1
0.34567809 1.736e-03 1.000072 0.000240 1 1
0.34618995 1.736e-03 0.999773 0.000215 1 1
0.34677422 1.736e-03 0.999968 0.000183 1 1
0.34736469 1.736e-03 0.999984 0.000246 1 1
0.34778989 1.736e-03 0.999988 0.000246 1 1
0.34820809 1.736e-03 1.000017 0.000240 1 1
0.34864715 1.736e-03 0.999855 0.000234 1 1
0.34923168 1.736e-03 0.999845 0.000186 1 1
0.34982063 1.736e-03 1.000118 0.000215 1 1
0.35031719 1.736e-03 0.999810 0.000239 1 1
0.35074136 1.736e-03 1.000401 0.000246 1 1
0.35116391 1.736e-03 0.999859 0.000246 1 1
0.35168956 1.736e-03 0.999660 0.000204 1 1
0.35227313 1.736e-03 0.999671 0.000188 1 1
0.35285120 1.736e-03 0.999901 0.000246 1 1
0.35326958 1.736e-03 0.999570 0.000240 1 1
0.35369172 1.736e-03 0.999951 0.000239 1 1
0.35414572 1.736e-03 1.000031 0.000229 1 1
0.35476626 1.736e-03 0.999673 0.000176 1 1
0.35537860 1.736e-03 1.000042 0.000239 1 1
0.35580030 1.736e-03 0.999775 0.000240 1 1
0.35622511 1.736e-03 1.000087 0.000246 1 1
0.35664344 1.736e-03 0.999790 0.000240 1 1
0.35721183 1.736e-03 0.999833 0.000191 1 1
0.35778838 1.736e-03 0.999608 0.000204 1 1
0.35833083 1.736e-03 0.999730 0.000240 1 1
0.35875255 1.736e-03 0.999605 0.000238 1 1
0.35917437 1.736e-03 1.000033 0.000240 1 1
0.35968634 1.736e-03 1.000094 0.000215 1 1
0.36027056 1.736e-03 0.999604 0.000182 1 1
0.36086073 1.736e-03 0.999386 0.000246 1 1
0.36128642 1.736e-03 0.999695 0.000246 1 1
0.36170470 1.736e-03 0.999954 0.000240 1 1
0.36214316 1.736e-03 1.000104 0.000232 1 1
0.36274320 1.736e-03 1.000154 0.000181 1 1
0.36334349 1.736e-03 0.999355 0.000224 1 1
0.36381406 1.736e-03 0.999445 0.000238 1 1
0.36423572 1.736e-03 0.999649 0.000240 1 1
0.36466057 1.736e-03 0.999893 0.000246 1 1
0.36518633 1.736e-03 0.999458 0.000204 1 1
0.36577762 1.736e-03 0.999696 0.000191 1 1
0.36634713 1.736e-03 0.999493 0.000246 1 1
0.36676624 1.736e-03 0.999823 0.000240 1 1
0.36718642 1.736e-03 0.999459 0.000252 1 1
0.36764236 1.736e-03 0.999302 0.000229 1 1
0.36826231 1.736e-03 1.000021 0.000176 1 1
0.36887324 1.736e-03 0.999389 0.000252 1 1
0.36929750 1.736e-03 0.999655 0.000240 1 1
0.36972145 1.736e-03 0.999522 0.000246 1 1
0.37015581 1.736e-03 0.999592 0.000234 1 1
0.37071997 1.736e-03 0.999798 0.000197 1 1
0.37128510 1.736e-03 0.999577 0.000204 1 1
0.37182719 1.736e-03 0.999606 0.000240 1 1
0.37224913 1.736e-03 0.999336 0.000246 1 1
0.37267111 1.736e-03 0.999524 0.000240 1 1
0.37319465 1.736e-03 0.999718 0.000211 1 1
0.37377035 1.736e-03 0.999540 0.000188 1 1
0.37435833 1.736e-03 0.999557 0.000240 1 1
0.37478259 1.736e-03 0.999598 0.000246 1 1
0.37520163 1.736e-03 0.999554 0.000240 1 1
0.37567178 1.736e-03 0.999128 0.000229 1 1
0.37626645 1.736e-03 0.999586 0.000181 1 1
0.37687043 1.736e-03 0.999692 0.000234 1 1
0.37731036 1.736e-03 0.999666 0.000246 1 1
0.37773234 1.736e-03 0.999428 0.000240 1 1
0.37815650 1.736e-03 0.999873 0.000246 1 1
0.37868266 1.736e-03 0.999584 0.000204 1 1
0.37927376 1.736e-03 0.999788 0.000191 1 1
0.37984353 1.736e-03 0.999587 0.000246 1 1
0.38026257 1.736e-03 0.999436 0.000240 1 1
0.38068439 1.736e-03 0.999713 0.000246 1 1
0.38116738 1.736e-03 0.999263 0.000220 1 1
0.38177325 1.736e-03 0.999553 0.000181 1 1
0.38237185 1.736e-03 0.999993 0.000246 1 1
0.38279343 1.736e-03 0.999543 0.000240 1 1
0.38321792 1.736e-03 0.999624 0.000246 1 1
0.38365298 1.736e-03 0.999657 0.000234 1 1
0.38423977 1.736e-03 0.999530 0.000194 1 1
0.38480248 1.736e-03 0.999789 0.000211 1 1
0.38532343 1.736e-03 0.999515 0.000240 1 1
0.38574568 1.736e-03 0.999733 0.000246 1 1
0.38616744 1.736e-03 0.999010 0.000240 1 1
0.38669077 1.736e-03 0.999371 0.000211 1 1
0.38726663 1.736e-03 0.999644 0.000188 1 1
0.38785463 1.736e-03 0.999228 0.000240 1 1
0.38827891 1.736e-03 0.999161 0.000246 1 1
0.38869748 1.736e-03 0.999734 0.000240 1 1
0.38917227 1.736e-03 0.999736 0.000234 1 1
0.38976913 1.736e-03 0.999421 0.000178 1 1
0.39038443 1.736e-03 0.999346 0.000240 1 1
0.39080635 1.736e-03 0.999446 0.000246 1 1
0.39123108 1.736e-03 0.999262 0.000246 1 1
0.39165294 1.736e-03 0.999563 0.000246 1 1
0.39219017 1.736e-03 0.999300 0.000201 1 1
0.39277598 1.736e-03 0.999565 0.000197 1 1
0.39334020 1.736e-03 0.999415 0.000246 1 1
0.39375880 1.736e-03 0.999688 0.000240 1 1
0.39418118 1.736e-03 0.999412 0.000246 1 1
0.39466834 1.736e-03 0.999389 0.000224 1 1
0.39526954 1.736e-03 0.999146 0.000181 1 1
0.39586848 1.736e-03 0.999505 0.000246 1 1
0.39629231 1.736e-03 0.999283 0.000246 1 1
0.39671430 1.736e-03 0.999397 0.000246 1 1
0.39714914 1.736e-03 0.998936 0.000234 1 1
0.39773197 1.736e-03 0.999414 0.000191 1 1
0.39831021 1.736e-03 0.999477 0.000215 1 1
0.39881986 1.736e-03 0.999269 0.000240 1 1
0.39924171 1.736e-03 0.999231 0.000246 1 1
0.39966631 1.736e-03 0.999746 0.000246 1 1
0.40019861 1.736e-03 0.999260 0.000208 1 1
0.40077101 1.736e-03 0.999244 0.000191 1 1
0.40135296 1.736e-03 0.999114 0.000246 1 1
0.40177565 1.736e-03 0.999541 0.000246 1 1
0.40219303 1.736e-03 0.999367 0.000246 1 1
0.40264995 1.736e-03 0.999013 0.000234 1 1
0.40326559 1.736e-03 0.999130 0.000178 1 1
0.40388112 1.736e-03 0.999677 0.000240 1 1
0.40430354 1.736e-03 0.999718 0.000238 1 1
0.40472776 1.736e-03 0.999528 0.000246 1 1
0.40514961 1.736e-03 0.999023 0.000246 1 1
0.40570853 1.736e-03 0.999209 0.000196 1 1
0.40628175 1.736e-03 0.999030 0.000201 1 1
0.40683667 1.736e-03 0.999364 0.000246 1 1
0.40725530 1.736e-03 0.999206 0.000240 1 1
0.40767699 1.736e-03 0.999466 0.000238 1 1
0.40816740 1.736e-03 0.999309 0.000229 1 1
0.40876611 1.736e-03 0.999359 0.000181 1 1
0.40936413 1.736e-03 0.999724 0.000238 1 1
0.40978860 1.736e-03 0.999442 0.000246 1 1
0.41021066 1.736e-03 0.998965 0.000246 1 1
0.41064552 1.736e-03 0.999321 0.000234 1 1
0.41123067 1.736e-03 0.998717 0.000185 1 1
0.41181904 1.736e-03 0.999395 0.000220 1 1
0.41231608 1.736e-03 0.999351 0.000240 1 1
0.41273869 1.736e-03 0.999222 0.000239 1 1
0.41316268 1.736e-03 0.999384 0.000246 1 1
0.41369488 1.736e-03 0.999498 0.000207 1 1
0.41427194 1.736e-03 0.999020 0.000188 1 1
0.41485000 1.736e-03 0.999533 0.000246 1 1
0.41527207 1.736e-03 0.999410 0.000246 1 1
0.41569029 1.736e-03 0.999003 0.000240 1 1
0.41614444 1.736e-03 0.999498 0.000228 1 1
0.41676208 1.736e-03 0.999120 0.000178 1 1
0.41737780 1.736e-03 0.998979 0.000240 1 1
0.41779958 1.736e-03 0.999558 0.000239 1 1
0.41822373 1.736e-03 0.999182 0.000246 1 1
0.41866282 1.736e-03 0.998844 0.000240 1 1
0.41920823 1.736e-03 0.999184 0.000197 1 1
0.41977806 1.736e-03 0.999336 0.000201 1 1
0.42033304 1.736e-03 0.999150 0.000246 1 1
0.42075140 1.736e-03 0.999647 0.000240 1 1
0.42117377 1.736e-03 0.999394 0.000239 1 1
0.42167436 1.736e-03 0.998784 0.000220 1 1
0.42226980 1.736e-03 0.998718 0.000183 1 1
0.42286050 1.736e-03 0.998948 0.000240 1 1
0.42328525 1.736e-03 0.999258 0.000246 1 1
0.42370710 1.736e-03 0.999144 0.000246 1 1
0.42415721 1.736e-03 0.998917 0.000229 1 1
0.42474178 1.736e-03 0.999384 0.000186 1 1
0.42532880 1.736e-03 0.999084 0.000224 1 1
0.42581295 1.736e-03 0.998861 0.000240 1 1
0.42623484 1.736e-03 0.998839 0.000240 1 1
0.42665903 1.736e-03 0.998784 0.000246 1 1
0.42720205 1.736e-03 0.999062 0.000204 1 1
0.42777145 1.736e-03 0.998931 0.000194 1 1
0.42834606 1.736e-03 0.998780 0.000246 1 1
0.42876848 1.736e-03 0.999436 0.000246 1 1
0.42918681 1.736e-03 0.999053 0.000240 1 1
0.42965599 1.736e-03 0.998970 0.000224 1 1
0.43026518 1.736e-03 0.999343 0.000181 1 1
0.43087677 1.736e-03 0.999276 0.000246 1 1
0.43129594 1.736e-03 0.999189 0.000240 1 1
0.43172002 1.736e-03 0.999192 0.000246 1 1
0.43215884 1.736e-03 0.998984 0.000240 1 1
0.43272233 1.736e-03 0.998752 0.000191 1 1
0.43329415 1.736e-03 0.999283 0.000208 1 1
0.43382960 1.736e-03 0.999052 0.000246 1 1
0.43424797 1.736e-03 0.999064 0.000240 1 1
0.43467004 1.736e-03 0.999151 0.000240 1 1
0.43518364 1.736e-03 0.999075 0.000215 1 1
0.43577385 1.736e-03 0.998997 0.000186 1 1
0.43635703 1.736e-03 0.999137 0.000240 1 1
0.43678145 1.736e-03 0.998940 0.000246 1 1
0.43720388 1.736e-03 0.999040 0.000246 1 1
0.43765405 1.736e-03 0.999357 0.000229 1 1
0.43825868 1.736e-03 0.998801 0.000178 1 1
0.43886945 1.736e-03 0.998992 0.000234 1 1
0.43930956 1.736e-03 0.999536 0.000240 1 1
0.43973133 1.736e-03 0.998913 0.000240 1 1
0.44015549 1.736e-03 0.999311 0.000246 1 1
0.44069163 1.736e-03 0.998875 0.000200 1 1
0.44127280 1.736e-03 0.999256 0.000191 1 1
0.44184251 1.736e-03 0.999515 0.000246 1 1
0.44226127 1.736e-03 0.999438 0.000240 1 1
0.44268283 1.736e-03 0.999327 0.000240 1 1
0.44316628 1.736e-03 0.998906 0.000220 1 1
0.44377219 1.736e-03 0.998949 0.000181 1 1
0.44437043 1.736e-03 0.998611 0.000240 1 1
0.44479213 1.736e-03 0.999719 0.000240 1 1
0.44521684 1.736e-03 0.998849 0.000246 1 1
0.44565163 1.736e-03 0.998903 0.000234 1 1
0.44622728 1.736e-03 0.999039 0.000188 1 1
0.44680156 1.736e-03 0.999148 0.000211 1 1
0.44732243 1.736e-03 0.999271 0.000240 1 1
0.44774483 1.736e-03 0.998943 0.000240 1 1
0.44816673 1.736e-03 0.999413 0.000240 1 1
0.44868966 1.736e-03 0.998874 0.000211 1 1
0.44927016 1.736e-03 0.998680 0.000186 1 1
0.44985354 1.736e-03 0.999619 0.000240 1 1
0.45027786 1.736e-03 0.998486 0.000246 1 1
0.45069637 1.736e-03 0.998975 0.000240 1 1
0.45115037 1.736e-03 0.999253 0.000229 1 1
0.45176118 1.736e-03 0.999053 0.000176 1 1
0.45238333 1.736e-03 0.999019 0.000240 1 1
0.45280542 1.736e-03 0.998942 0.000240 1 1
0.45322746 1.736e-03 0.998893 0.000240 1 1
0.45365192 1.736e-03 0.999298 0.000246 1 1
0.45420774 1.736e-03 0.998873 0.000194 1 1
0.45478699 1.736e-03 0.998966 0.000197 1 1
0.45533961 1.736e-03 0.998710 0.000252 1 1
0.45575770 1.736e-03 0.998956 0.000240 1 1
0.45618002 1.736e-03 0.998464 0.000240 1 1
0.45666374 1.736e-03 0.998970 0.000224 1 1
0.45726852 1.736e-03 0.999140 0.000181 1 1
0.45786679 1.736e-03 0.998937 0.000240 1 1
0.45828885 1.736e-03 0.999102 0.000240 1 1
0.45871334 1.736e-03 0.999211 0.000246 1 1
0.45914798 1.736e-03 0.999040 0.000234 1 1
0.45972355 1.736e-03 0.999185 0.000188 1 1
0.46029786 1.736e-03 0.998701 0.000211 1 1
0.46081874 1.736e-03 0.998869 0.000240 1 1
0.46124080 1.736e-03 0.998968 0.000239 1 1
0.46166270 1.736e-03 0.999136 0.000240 1 1
0.46220090 1.736e-03 0.999152 0.000211 1 1
0.46277442 1.736e-03 0.999088 0.000188 1 1
0.46334950 1.736e-03 0.998942 0.000240 1 1
0.46377422 1.736e-03 0.998813 0.000246 1 1
0.46419267 1.736e-03 0.998831 0.000240 1 1
0.46467530 1.736e-03 0.998973 0.000219 1 1
0.46527141 1.736e-03 0.998739 0.000181 1 1
0.46587988 1.736e-03 0.999055 0.000240 1 1
0.46630173 1.736e-03 0.998722 0.000239 1 1
0.46672429 1.736e-03 0.999169 0.000240 1 1
0.46716663 1.736e-03 0.998925 0.000245 1 1
0.46771073 1.736e-03 0.998433 0.000197 1 1
0.46828350 1.736e-03 0.998580 0.000197 1 1
0.46883565 1.736e-03 0.998671 0.000246 1 1
0.46925413 1.736e-03 0.998552 0.000240 1 1
0.46967621 1.736e-03 0.998882 0.000239 1 1
0.47017204 1.736e-03 0.998726 0.000215 1 1
0.47077238 1.736e-03 0.998932 0.000183 1 1
0.47136318 1.736e-03 0.999236 0.000239 1 1
0.47178495 1.736e-03 0.998606 0.000240 1 1
0.47220966 1.736e-03 0.999306 0.000245 1 1
0.47265968 1.736e-03 0.998824 0.000229 1 1
0.47324926 1.736e-03 0.998993 0.000183 1 1
0.47383084 1.736e-03 0.998908 0.000224 1 1
0.47431514 1.736e-03 0.998475 0.000240 1 1
0.47473732 1.736e-03 0.998867 0.000239 1 1
0.47515944 1.736e-03 0.999288 0.000240 1 1
0.47569374 1.736e-03 0.998740 0.000207 1 1
0.47627078 1.736e-03 0.998657 0.000188 1 1
0.47684684 1.736e-03 0.998815 0.000240 1 1
0.47726981 1.736e-03 0.999227 0.000252 1 1
0.47768906 1.736e-03 0.999107 0.000239 1 1
0.47817133 1.736e-03 0.998835 0.000219 1 1
0.47876809 1.736e-03 0.999137 0.000181 1 1
0.47937656 1.736e-03 0.998739 0.000239 1 1
0.47979859 1.736e-03 0.998927 0.000238 1 1
0.48022035 1.736e-03 0.998853 0.000240 1 1
0.48066165 1.736e-03 0.998612 0.000239 1 1
0.48121637 1.736e-03 0.998578 0.000193 1 1
0.48178911 1.736e-03 0.999153 0.000201 1 1
0.48228650 1.666e-03 0.998650 0.000548 1 7
0.48234297 1.666e-03 0.999021 0.000275 1 7
0.48268794 1.666e-03 0.999353 0.000772 1 7
0.48275711 1.666e-03 0.998741 0.000252 1 7
0.48316267 1.666e-03 0.998956 0.000272 1 7
0.48320410 1.666e-03 0.999760 0.000493 1 7
0.48356827 1.666e-03 0.998675 0.000347 1 7
0.48361827 1.666e-03 0.998749 0.000331 1 7
0.48397888 1.666e-03 0.998921 0.000490 1 7
0.48403195 1.666e-03 0.998671 0.000284 1 7
0.48438167 1.666e-03 0.999378 0.000631 1 7
0.48444704 1.666e-03 0.998691 0.000259 1 7
0.48479335 1.666e-03 0.998966 0.001090 1 7
0.48486485 1.666e-03 0.999011 0.000252 1 7
0.48526483 1.666e-03 0.998901 0.000304 1 7
0.48530989 1.666e-03 0.998684 0.000388 1 7
0.48567309 1.666e-03 0.999114 0.000414 1 7
0.48572397 1.666e-03 0.998934 0.000305 1 7
0.48607813 1.666e-03 0.999230 0.000490 1 7
0.48613881 1.666e-03 0.998827 0.000275 1 7
0.48648717 1.666e-03 0.999255 0.000772 1 7
0.48655544 1.666e-03 0.998158 0.000259 1 7
0.48696311 1.666e-03 0.999040 0.000259 1 7
0.48700073 1.666e-03 0.998878 0.000634 1 7
0.48737056 1.666e-03 0.998064 0.000347 1 7
0.48741598 1.666e-03 0.997861 0.000347 1 7
0.48777389 1.666e-03 0.998169 0.000414 1 7
0.48783067 1.666e-03 0.997642 0.000293 1 7
0.48818090 1.666e-03 0.997293 0.000630 1 7
0.48824502 1.666e-03 0.996661 0.000267 1 7
0.48859258 1.666e-03 0.997450 0.001091 1 7
0.48865887 1.666e-03 0.995947 0.000246 1 7
0.48906301 1.666e-03 0.996264 0.000317 1 7
0.48910602 1.666e-03 0.995719 0.000415 1 7
0.48946850 1.666e-03 0.995587 0.000366 1 7
0.48952168 1.666e-03 0.994898 0.000317 1 7
0.48987443 1.666e-03 0.995008 0.000546 1 7
0.48993499 1.666e-03 0.994915 0.000275 1 7
0.49028652 1.666e-03 0.994862 0.000772 1 7
0.49034987 1.666e-03 0.994961 0.000259 1 7
0.49076699 1.666e-03 0.995470 0.000245 1 7
0.49116561 1.666e-03 0.994824 0.000317 1 7
0.49121305 1.666e-03 0.995605 0.000366 1 7
0.49157061 1.666e-03 0.995122 0.000447 1 7
0.49162660 1.666e-03 0.995196 0.000294 1 7
0.49198160 1.666e-03 0.994303 0.000548 1 7
0.49204117 1.666e-03 0.994975 0.000266 1 7
0.49239205 1.666e-03 0.996006 0.001092 1 7
0.49245734 1.666e-03 0.995097 0.000252 1 7
0.49286296 1.666e-03 0.994892 0.000274 1 7
0.49290455 1.666e-03 0.995124 0.000491 1 7
0.49326984 1.666e-03 0.995069 0.000365 1 7
0.49331872 1.666e-03 0.995663 0.000332 1 7
0.49367740 1.666e-03 0.995454 0.000448 1 7
0.49373292 1.666e-03 0.995285 0.000284 1 7
0.49408587 1.666e-03 0.995650 0.000772 1 7
0.49414716 1.666e-03 0.995097 0.000259 1 7
0.49449058 1.666e-03 0.994830 0.001092 1 7
0.49456298 1.666e-03 0.995001 0.000245 1 7
0.49496613 1.666e-03 0.994791 0.000316 1 7
0.49501050 1.666e-03 0.995404 0.000389 1 7
0.49537106 1.666e-03 0.994958 0.000388 1 7
0.49542406 1.666e-03 0.995155 0.000305 1 7
0.49578457 1.666e-03 0.994985 0.000548 1 7
0.49583892 1.666e-03 0.995445 0.000274 1 7
0.49618440 1.666e-03 0.995285 0.000772 1 7
0.49625383 1.666e-03 0.995498 0.000252 1 7
0.49666503 1.666e-03 0.995137 0.000266 1 7
0.49670109 1.666e-03 0.995055 0.000634 1 7
0.49706798 1.666e-03 0.995531 0.000331 1 7
0.49711596 1.666e-03 0.995028 0.000347 1 7
0.49747480 1.666e-03 0.995620 0.000490 1 7
0.49752914 1.666e-03 0.995558 0.000284 1 7
0.49788363 1.666e-03 0.995626 0.000548 1 7
0.49794594 1.666e-03 0.995410 0.000266 1 7
0.49828981 1.666e-03 0.995589 0.001090 1 7
0.49836190 1.666e-03 0.995025 0.000252 1 7
0.49876066 1.666e-03 0.995349 0.000304 1 7
0.49880663 1.666e-03 0.995096 0.000388 1 7
0.49917582 1.666e-03 0.994588 0.000366 1 7
0.49922413 1.666e-03 0.994917 0.000331 1 7
0.49957563 1.666e-03 0.995260 0.000490 1 7
0.49963552 1.666e-03 0.995329 0.000274 1 7
0.49998375 1.666e-03 0.993684 0.000771 1 7
0.50005204 1.666e-03 0.995268 0.000259 1 7
0.50046522 1.666e-03 0.995194 0.000240 1 7
0.50086950 1.666e-03 0.995200 0.000331 1 7
0.50091350 1.666e-03 0.994337 0.000366 1 7
0.50127106 1.666e-03 0.995154 0.000414 1 7
0.50132696 1.666e-03 0.995470 0.000293 1 7
0.50167737 1.666e-03 0.995154 0.000630 1 7
0.50174180 1.666e-03 0.995249 0.000267 1 7
0.50208929 1.666e-03 0.994765 0.001091 1 7
0.50215524 1.666e-03 0.995497 0.000246 1 7
0.50256699 1.666e-03 0.995812 0.000283 1 7
0.50260490 1.666e-03 0.994764 0.000491 1 7
0.50296775 1.666e-03 0.995125 0.000347 1 7
0.50301969 1.666e-03 0.994971 0.000331 1 7
0.50337592 1.666e-03 0.995814 0.000490 1 7
0.50343367 1.666e-03 0.994626 0.000284 1 7
0.50378775 1.666e-03 0.996061 0.000633 1 7
0.50384775 1.666e-03 0.995582 0.000259 1 7
0.50426465 1.666e-03 0.995480 0.000252 1 7
0.50466429 1.666e-03 0.995096 0.000304 1 7
0.50471049 1.666e-03 0.995537 0.000388 1 7
0.50507495 1.666e-03 0.994930 0.000387 1 7
0.50512642 1.666e-03 0.994901 0.000317 1 7
0.50547788 1.666e-03 0.995900 0.000548 1 7
0.50553749 1.666e-03 0.995285 0.000266 1 7
0.50588852 1.666e-03 0.994627 0.001092 1 7
0.50595424 1.666e-03 0.995281 0.000252 1 7
0.50629986 1.666e-03 0.994095 0.001092 1 7
0.50636773 1.666e-03 0.995878 0.000266 1 7
0.50640204 1.666e-03 0.994760 0.000633 1 7
0.50676586 1.666e-03 0.995751 0.000365 1 7
0.50681480 1.666e-03 0.995169 0.000332 1 7
0.50717724 1.666e-03 0.995843 0.000414 1 7
0.50723162 1.666e-03 0.995179 0.000294 1 7
0.50758209 1.666e-03 0.994176 0.000772 1 7
0.50764376 1.666e-03 0.995143 0.000259 1 7
0.50798679 1.666e-03 0.993276 0.001092 1 7
0.50805987 1.666e-03 0.995516 0.000245 1 7
0.50846379 1.666e-03 0.995187 0.000289 1 7
0.50850777 1.666e-03 0.995497 0.000416 1 7
0.50887046 1.666e-03 0.994788 0.000366 1 7
0.50892249 1.666e-03 0.995475 0.000317 1 7
0.50928463 1.666e-03 0.995336 0.000490 1 7
0.50933824 1.666e-03 0.996104 0.000284 1 7
0.50968098 1.666e-03 0.996172 0.000772 1 7
0.50975019 1.666e-03 0.995801 0.000252 1 7
0.51009934 1.666e-03 0.994914 0.001091 1 7
0.51016893 1.666e-03 0.995210 0.000244 1 7
0.51056442 1.666e-03 0.995116 0.000331 1 7
0.51061285 1.666e-03 0.995596 0.000347 1 7
0.51097919 1.666e-03 0.995471 0.000414 1 7
0.51102943 1.666e-03 0.995874 0.000305 1 7
0.51137972 1.666e-03 0.996809 0.000548 1 7
0.51144228 1.666e-03 0.996757 0.000266 1 7
0.51178602 1.666e-03 0.998731 0.001091 1 7
0.51185626 1.666e-03 0.997081 0.000244 1 7
0.51226262 1.666e-03 0.998346 0.000283 1 7
0.51230490 1.666e-03 0.997485 0.000448 1 7
0.51267273 1.666e-03 0.997712 0.000366 1 7
0.51272009 1.666e-03 0.998350 0.000331 1 7
0.51307641 1.666e-03 0.998469 0.000448 1 7
0.51313364 1.666e-03 0.999138 0.000283 1 7
0.51347997 1.666e-03 0.998775 0.000772 1 7
0.51354555 1.666e-03 0.998725 0.000250 1 7
0.51389857 1.666e-03 1.001041 0.001091 1 7
0.51396470 1.666e-03 0.999117 0.000246 1 7
0.51436844 1.666e-03 0.998989 0.000317 1 7
0.51441174 1.666e-03 0.999008 0.000388 1 7
0.51477080 1.666e-03 0.999512 0.000388 1 7
0.51482492 1.666e-03 0.999058 0.000305 1 7
0.51518137 1.666e-03 0.998138 0.000476 1 7
0.51524018 1.666e-03 0.999041 0.000275 1 7
0.51559239 1.666e-03 0.999312 0.000772 1 7
0.51565460 1.666e-03 0.999214 0.000252 1 7
0.51606748 1.666e-03 0.999348 0.000266 1 7
0.51610282 1.666e-03 0.999201 0.000634 1 7
0.51646465 1.666e-03 0.998916 0.000347 1 7
0.51651563 1.666e-03 0.999503 0.000331 1 7
0.51687653 1.666e-03 0.999515 0.000407 1 7
0.51693241 1.666e-03 0.998850 0.000294 1 7
0.51728784 1.666e-03 0.999794 0.000548 1 7
0.51734670 1.666e-03 0.998890 0.000266 1 7
0.51769780 1.666e-03 1.000319 0.001092 1 7
0.51776326 1.666e-03 0.998768 0.000252 1 7
0.51817858 1.736e-03 0.998570 0.000240 1 1
0.51868546 1.736e-03 0.999158 0.000210 1 1
0.51927215 1.736e-03 0.999309 0.000186 1 1
0.51986579 1.736e-03 0.999274 0.000240 1 1
0.52028798 1.736e-03 0.998890 0.000238 1 1
0.52071007 1.736e-03 0.999220 0.000240 1 1
0.52116665 1.736e-03 0.999110 0.000234 1 1
0.52173709 1.736e-03 0.999098 0.000188 1 1
0.52230994 1.736e-03 0.999026 0.000211 1 1
0.52282122 1.736e-03 0.999070 0.000245 1 1
0.52323973 1.736e-03 0.999258 0.000240 1 1
0.52366158 1.736e-03 0.999073 0.000239 1 1
0.52418190 1.736e-03 0.998892 0.000207 1 1
0.52478060 1.736e-03 0.998866 0.000191 1 1
0.52534878 1.736e-03 0.998950 0.000239 1 1
0.52577079 1.736e-03 0.999007 0.000240 1 1
0.52619514 1.736e-03 0.999121 0.000245 1 1
0.52667364 1.736e-03 0.999195 0.000219 1 1
0.52727413 1.736e-03 0.999447 0.000178 1 1
0.52788229 1.736e-03 0.999198 0.000245 1 1
0.52830071 1.736e-03 0.999356 0.000240 1 1
0.52872340 1.736e-03 0.999331 0.000239 1 1
0.52914493 1.736e-03 0.999064 0.000240 1 1
0.52971850 1.736e-03 0.999378 0.000194 1 1
0.53029168 1.736e-03 0.999040 0.000200 1 1
0.53083227 1.736e-03 0.999262 0.000240 1 1
0.53125659 1.736e-03 0.999350 0.000245 1 1
0.53167512 1.736e-03 0.999407 0.000240 1 1
0.53218190 1.736e-03 0.999327 0.000211 1 1
0.53276873 1.736e-03 0.999582 0.000186 1 1
0.53336213 1.736e-03 0.999191 0.000240 1 1
0.53378411 1.736e-03 0.998718 0.000239 1 1
0.53420596 1.736e-03 0.999503 0.000240 1 1
0.53466297 1.736e-03 0.999168 0.000234 1 1
0.53524829 1.736e-03 0.999302 0.000183 1 1
0.53583049 1.736e-03 0.999509 0.000220 1 1
0.53631756 1.736e-03 0.999121 0.000246 1 1
0.53673607 1.736e-03 0.999324 0.000240 1 1
0.53715836 1.736e-03 0.999803 0.000240 1 1
0.53767828 1.736e-03 0.999313 0.000207 1 1
0.53826420 1.736e-03 0.998999 0.000191 1 1
0.53884530 1.736e-03 0.999304 0.000240 1 1
0.53926730 1.736e-03 0.998853 0.000240 1 1
0.53969170 1.736e-03 0.999172 0.000246 1 1
0.54017105 1.736e-03 0.998884 0.000224 1 1
0.54077099 1.736e-03 0.999287 0.000178 1 1
0.54137900 1.736e-03 0.999454 0.000246 1 1
0.54179563 1.736e-03 0.999014 0.000246 1 1
0.54221939 1.736e-03 0.998826 0.000240 1 1
0.54264145 1.736e-03 0.999027 0.000240 1 1
0.54321516 1.736e-03 0.998978 0.000194 1 1
0.54379758 1.736e-03 0.999300 0.000204 1 1
0.54432826 1.736e-03 0.999010 0.000240 1 1
0.54475297 1.736e-03 0.999383 0.000246 1 1
0.54516978 1.736e-03 0.999758 0.000246 1 1
0.54567873 1.736e-03 0.999427 0.000211 1 1
0.54626470 1.736e-03 0.999266 0.000186 1 1
0.54685687 1.736e-03 0.999360 0.000246 1 1
0.54728050 1.736e-03 0.999518 0.000240 1 1
0.54770267 1.736e-03 0.999713 0.000240 1 1
0.54815899 1.736e-03 0.999537 0.000234 1 1
0.54876290 1.736e-03 0.999134 0.000181 1 1
0.54935623 1.736e-03 0.999092 0.000229 1 1
0.54981407 1.736e-03 0.999681 0.000246 1 1
0.55023081 1.736e-03 0.999807 0.000246 1 1
0.55065481 1.736e-03 0.999136 0.000240 1 1
0.55118579 1.736e-03 0.999476 0.000204 1 1
0.55176892 1.736e-03 0.999534 0.000194 1 1
0.55234160 1.736e-03 0.999432 0.000240 1 1
0.55276372 1.736e-03 0.999519 0.000240 1 1
0.55318841 1.736e-03 0.999358 0.000246 1 1
0.55366769 1.736e-03 0.999421 0.000224 1 1
0.55426730 1.736e-03 0.999248 0.000178 1 1
0.55487501 1.736e-03 0.998978 0.000246 1 1
0.55529234 1.736e-03 0.999692 0.000246 1 1
0.55571587 1.736e-03 0.999732 0.000240 1 1
0.55613773 1.736e-03 0.999546 0.000240 1 1
0.55672003 1.736e-03 0.999418 0.000191 1 1
0.55730427 1.736e-03 0.999458 0.000208 1 1
0.55782494 1.736e-03 0.999657 0.000240 1 1
0.55824915 1.736e-03 0.999694 0.000246 1 1
0.55866764 1.736e-03 0.999679 0.000240 1 1
0.55918636 1.736e-03 0.999822 0.000208 1 1
0.55976902 1.736e-03 0.999249 0.000188 1 1
0.56035506 1.736e-03 0.999337 0.000240 1 1
0.56077666 1.736e-03 0.999298 0.000240 1 1
0.56119903 1.736e-03 0.999219 0.000240 1 1
0.56167081 1.736e-03 0.999345 0.000229 1 1
0.56226770 1.736e-03 0.999616 0.000178 1 1
0.56288569 1.736e-03 0.999438 0.000246 1 1
0.56331032 1.736e-03 0.999613 0.000246 1 1
0.56372927 1.736e-03 0.999634 0.000240 1 1
0.56415133 1.736e-03 0.999665 0.000240 1 1
0.56469271 1.736e-03 0.999632 0.000201 1 1
0.56527944 1.736e-03 0.999729 0.000194 1 1
0.56583808 1.736e-03 0.999572 0.000240 1 1
0.56626038 1.736e-03 0.999856 0.000240 1 1
0.56668438 1.736e-03 0.999761 0.000245 1 1
0.56717571 1.736e-03 0.999397 0.000215 1 1
0.56777076 1.736e-03 0.999612 0.000181 1 1
0.56837134 1.736e-03 1.000049 0.000245 1 1
0.56878993 1.736e-03 0.999960 0.000240 1 1
0.56921189 1.736e-03 0.999762 0.000240 1 1
0.56965055 1.736e-03 0.999494 0.000234 1 1
0.57023183 1.736e-03 0.999352 0.000191 1 1
0.57080116 1.736e-03 0.999570 0.000208 1 1
0.57132124 1.736e-03 0.999584 0.000240 1 1
0.57174551 1.736e-03 0.999693 0.000245 1 1
0.57216486 1.736e-03 0.999735 0.000240 1 1
0.57269367 1.736e-03 0.999676 0.000204 1 1
0.57327347 1.736e-03 0.999819 0.000191 1 1
0.57385165 1.736e-03 0.999542 0.000240 1 1
0.57427350 1.736e-03 0.999330 0.000240 1 1
0.57469536 1.736e-03 0.999880 0.000240 1 1
0.57516715 1.736e-03 0.999710 0.000228 1 1
0.57576995 1.736e-03 0.999572 0.000176 1 1
0.57638255 1.736e-03 1.000000 0.000240 1 1
0.57680676 1.736e-03 1.000041 0.000244 1 1
0.57722527 1.736e-03 0.999919 0.000240 1 1
0.57764728 1.736e-03 0.999263 0.000240 1 1
0.57818889 1.736e-03 0.999421 0.000200 1 1
0.57877598 1.736e-03 0.999512 0.000194 1 1
0.57933410 1.736e-03 0.999961 0.000240 1 1
0.57975684 1.736e-03 0.999704 0.000240 1 1
0.58018094 1.736e-03 0.999773 0.000244 1 1
0.58068451 1.736e-03 0.999764 0.000211 1 1
0.58127440 1.736e-03 0.999793 0.000183 1 1
0.58186815 1.736e-03 0.999542 0.000244 1 1
0.58228677 1.736e-03 0.999886 0.000240 1 1
0.58270880 1.736e-03 0.999684 0.000240 1 1
0.58314699 1.736e-03 0.999923 0.000234 1 1
0.58374340 1.736e-03 0.999508 0.000185 1 1
0.58432095 1.736e-03 0.999575 0.000215 1 1
0.58481794 1.736e-03 1.000375 0.000240 1 1
0.58524201 1.736e-03 0.999486 0.000243 1 1
0.58566065 1.736e-03 0.999762 0.000240 1 1
0.58619008 1.736e-03 1.000045 0.000204 1 1
0.58676651 1.736e-03 1.000107 0.000194 1 1
0.58734766 1.736e-03 1.000190 0.000240 1 1
0.58776952 1.736e-03 0.999646 0.000240 1 1
0.58819202 1.736e-03 1.000278 0.000240 1 1
0.58866787 1.736e-03 1.000396 0.000234 1 1
0.58926621 1.736e-03 0.999876 0.000176 1 1
0.58987879 1.736e-03 0.999567 0.000240 1 1
0.59030564 1.736e-03 0.999681 0.000252 1 1
0.59072193 1.736e-03 1.000090 0.000240 1 1
0.59114399 1.736e-03 1.000074 0.000240 1 1
0.59169727 1.736e-03 0.999993 0.000197 1 1
0.59229045 1.736e-03 0.999743 0.000201 1 1
0.59283118 1.736e-03 0.999949 0.000240 1 1
0.59325331 1.736e-03 1.000005 0.000240 1 1
0.59367979 1.736e-03 1.000148 0.000252 1 1
0.59418066 1.736e-03 1.000188 0.000211 1 1
0.59477113 1.736e-03 1.000123 0.000183 1 1
0.59536714 1.736e-03 1.000188 0.000252 1 1
0.59578307 1.736e-03 1.000382 0.000240 1 1
0.59620483 1.736e-03 0.999720 0.000240 1 1
0.59664389 1.736e-03 1.000276 0.000234 1 1
0.59725436 1.736e-03 1.000096 0.000186 1 1
0.59782969 1.736e-03 1.000116 0.000220 1 1
0.59831389 1.736e-03 0.999931 0.000240 1 1
0.59874107 1.736e-03 1.000272 0.000252 1 1
0.59915704 1.736e-03 0.999683 0.000240 1 1
0.59969669 1.736e-03 1.000225 0.000201 1 1
0.60027156 1.736e-03 1.000363 0.000197 1 1
0.60084378 1.736e-03 1.000019 0.000240 1 1
0.60126653 1.736e-03 1.000073 0.000240 1 1
0.60168841 1.736e-03 1.000129 0.000240 1 1
0.60217850 1.736e-03 1.000562 0.000229 1 1
0.60276958 1.736e-03 1.000176 0.000178 1 1
0.60337550 1.736e-03 1.000288 0.000240 1 1
0.60380242 1.736e-03 0.999798 0.000252 1 1
0.60421815 1.736e-03 1.000233 0.000240 1 1
0.60465658 1.736e-03 1.000081 0.000234 1 1
0.60520063 1.736e-03 0.999730 0.000201 1 1
0.60578708 1.736e-03 1.000057 0.000201 1 1
0.60632749 1.736e-03 1.000764 0.000240 1 1
0.60674932 1.736e-03 1.000175 0.000240 1 1
0.60717647 1.736e-03 1.000511 0.000252 1 1
0.60768875 1.736e-03 0.999986 0.000208 1 1
0.60827484 1.736e-03 1.000401 0.000186 1 1
0.60886345 1.736e-03 1.000473 0.000252 1 1
0.60927921 1.736e-03 1.000377 0.000240 1 1
0.60970160 1.736e-03 1.000405 0.000240 1 1
0.61013991 1.736e-03 1.000043 0.000234 1 1
0.61077006 1.736e-03 1.000126 0.000178 1 1
0.61137096 1.736e-03 1.000223 0.000234 1 1
0.61181024 1.736e-03 1.000018 0.000240 1 1
0.61223756 1.736e-03 1.000188 0.000252 1 1
0.61265333 1.736e-03 1.000279 0.000240 1 1
0.61319350 1.736e-03 1.000214 0.000201 1 1
0.61376790 1.736e-03 1.000047 0.000197 1 1
0.61434041 1.736e-03 1.000554 0.000240 1 1
0.61476253 1.736e-03 1.000433 0.000240 1 1
0.61518479 1.736e-03 1.000635 0.000240 1 1
0.61568889 1.736e-03 1.000628 0.000224 1 1
0.61627350 1.736e-03 1.000283 0.000181 1 1
0.61687158 1.736e-03 1.000387 0.000240 1 1
0.61729888 1.736e-03 1.000685 0.000252 1 1
0.61771465 1.736e-03 1.000382 0.000240 1 1
0.61815331 1.736e-03 1.000769 0.000234 1 1
0.61870626 1.736e-03 1.000279 0.000197 1 1
0.61929343 1.736e-03 1.000872 0.000204 1 1
0.61982380 1.736e-03 1.000671 0.000240 1 1
0.62024597 1.736e-03 1.000296 0.000240 1 1
0.62067243 1.736e-03 1.000426 0.000252 1 1
0.62118521 1.736e-03 1.000442 0.000208 1 1
0.62177153 1.736e-03 1.000606 0.000186 1 1
0.62235975 1.736e-03 1.000457 0.000252 1 1
0.62277531 1.736e-03 1.000051 0.000240 1 1
0.62319812 1.736e-03 1.000366 0.000240 1 1
0.62363623 1.736e-03 1.000228 0.000234 1 1
0.62427878 1.736e-03 1.000319 0.000178 1 1
0.62488464 1.736e-03 1.000543 0.000240 1 1
0.62530691 1.736e-03 1.000618 0.000240 1 1
0.62573136 1.736e-03 1.000211 0.000243 1 1
0.62614993 1.736e-03 1.000690 0.000240 1 1
0.62670010 1.736e-03 1.000391 0.000197 1 1
0.62727624 1.736e-03 1.000577 0.000196 1 1
0.62783739 1.736e-03 1.000926 0.000240 1 1
0.62825923 1.736e-03 1.000568 0.000240 1 1
0.62868104 1.736e-03 1.000453 0.000240 1 1
0.62917989 1.736e-03 1.000769 0.000218 1 1
0.62976980 1.736e-03 1.000785 0.000181 1 1
0.63036822 1.736e-03 1.000602 0.000240 1 1
0.63079231 1.736e-03 1.000621 0.000244 1 1
0.63121095 1.736e-03 1.000605 0.000240 1 1
0.63164972 1.736e-03 1.000664 0.000234 1 1
0.63221840 1.736e-03 1.000512 0.000191 1 1
0.63280038 1.736e-03 1.000397 0.000208 1 1
0.63331999 1.736e-03 1.000700 0.000240 1 1
0.63374218 1.736e-03 1.000264 0.000240 1 1
0.63416680 1.736e-03 1.000461 0.000244 1 1
0.63469251 1.736e-03 1.000757 0.000204 1 1
0.63527594 1.736e-03 1.000831 0.000189 1 1
0.63585368 1.736e-03 1.000488 0.000245 1 1
0.63627244 1.736e-03 1.000860 0.000240 1 1
0.63669464 1.736e-03 1.000640 0.000240 1 1
0.63714857 1.736e-03 1.000628 0.000228 1 1
0.63776897 1.736e-03 1.000633 0.000176 1 1
0.63838140 1.736e-03 1.000532 0.000240 1 1
0.63880335 1.736e-03 1.001046 0.000240 1 1
0.63922770 1.736e-03 1.000522 0.000245 1 1
0.63964605 1.736e-03 1.000921 0.000240 1 1
0.64020571 1.736e-03 1.001034 0.000194 1 1
0.64078185 1.736e-03 1.000383 0.000200 1 1
0.64133319 1.736e-03 1.000661 0.000240 1 1
0.64175360 1.736e-03 1.000365 0.000246 1 1
0.64217731 1.736e-03 1.000898 0.000240 1 1
0.64267647 1.736e-03 1.001251 0.000219 1 1
0.64326579 1.736e-03 1.000972 0.000181 1 1
0.64386467 1.736e-03 1.000857 0.000240 1 1
0.64428863 1.736e-03 1.000336 0.000246 1 1
0.64470805 1.736e-03 1.000252 0.000240 1 1
0.64514608 1.736e-03 1.000746 0.000234 1 1
0.64572305 1.736e-03 1.000935 0.000189 1 1
0.64630788 1.736e-03 1.000332 0.000212 1 1
0.64681684 1.736e-03 1.000582 0.000240 1 1
0.64723903 1.736e-03 1.000913 0.000240 1 1
0.64766316 1.736e-03 1.000633 0.000246 1 1
0.64818900 1.736e-03 1.001057 0.000204 1 1
0.64877236 1.736e-03 1.001059 0.000189 1 1
0.64935001 1.736e-03 1.000905 0.000246 1 1
0.64976858 1.736e-03 1.001040 0.000240 1 1
0.65019064 1.736e-03 1.001154 0.000240 1 1
0.65064489 1.736e-03 1.000661 0.000229 1 1
0.65127045 1.736e-03 1.001145 0.000178 1 1
0.65187743 1.736e-03 1.001239 0.000240 1 1
0.65229998 1.736e-03 1.000626 0.000240 1 1
0.65272406 1.736e-03 1.000742 0.000246 1 1
0.65315929 1.736e-03 1.001103 0.000234 1 1
0.65370848 1.736e-03 1.001140 0.000197 1 1
0.65427820 1.736e-03 1.001238 0.000201 1 1
0.65483005 1.736e-03 1.000819 0.000240 1 1
0.65525196 1.736e-03 1.001277 0.000240 1 1
0.65567396 1.736e-03 1.000948 0.000240 1 1
0.65618526 1.736e-03 1.001181 0.000215 1 1
0.65677022 1.736e-03 1.000959 0.000183 1 1
0.65736124 1.736e-03 1.001491 0.000240 1 1
0.65778542 1.736e-03 1.001045 0.000246 1 1
0.65820393 1.736e-03 1.000776 0.000240 1 1
0.65865792 1.736e-03 1.000797 0.000229 1 1
0.65924189 1.736e-03 1.000939 0.000186 1 1
0.65984233 1.736e-03 1.000833 0.000225 1 1
0.66031281 1.736e-03 1.001268 0.000240 1 1
0.66073529 1.736e-03 1.001191 0.000240 1 1
0.66115946 1.736e-03 1.001502 0.000246 1 1
0.66169586 1.736e-03 1.000703 0.000201 1 1
0.66227651 1.736e-03 1.001263 0.000191 1 1
0.66284642 1.736e-03 1.001381 0.000246 1 1
0.66326530 1.736e-03 1.001386 0.000240 1 1
0.66368693 1.736e-03 1.000944 0.000240 1 1
0.66415582 1.736e-03 1.001142 0.000224 1 1
0.66476854 1.736e-03 1.001405 0.000178 1 1
0.66537465 1.736e-03 1.000826 0.000240 1 1
0.66579646 1.736e-03 1.001164 0.000240 1 1
0.66622025 1.736e-03 1.000763 0.000246 1 1
0.66665547 1.736e-03 1.001550 0.000235 1 1
0.66722271 1.736e-03 1.001017 0.000191 1 1
0.66779454 1.736e-03 1.001113 0.000208 1 1
0.66832641 1.736e-03 1.000637 0.000240 1 1
0.66874819 1.736e-03 1.001633 0.000240 1 1
0.66917078 1.736e-03 1.001344 0.000240 1 1
0.66969374 1.736e-03 1.001585 0.000211 1 1
0.67027409 1.736e-03 1.001285 0.000186 1 1
0.67085719 1.736e-03 1.001221 0.000240 1 1
0.67128180 1.736e-03 1.000888 0.000246 1 1
0.67170037 1.736e-03 1.001300 0.000240 1 1
0.67216855 1.736e-03 1.000948 0.000224 1 1
0.67276561 1.736e-03 1.001233 0.000181 1 1
0.67336956 1.736e-03 1.001586 0.000235 1 1
0.67380958 1.736e-03 1.001924 0.000240 1 1
0.67423156 1.736e-03 1.001526 0.000240 1 1
0.67465548 1.736e-03 1.001461 0.000246 1 1
0.67519210 1.736e-03 1.001239 0.000201 1 1
0.67577312 1.736e-03 1.001428 0.000191 1 1
0.67634322 1.736e-03 1.001192 0.000246 1 1
0.67676133 1.736e-03 1.001480 0.000240 1 1
0.67718361 1.736e-03 1.001586 0.000240 1 1
0.67766680 1.736e-03 1.001583 0.000220 1 1
0.67827249 1.736e-03 1.001418 0.000181 1 1
0.67887063 1.736e-03 1.001155 0.000240 1 1
0.67929255 1.736e-03 1.001133 0.000240 1 1
0.67971728 1.736e-03 1.001225 0.000246 1 1
0.68015197 1.736e-03 1.001085 0.000234 1 1
0.68072733 1.736e-03 1.001211 0.000189 1 1
0.68130174 1.736e-03 1.001546 0.000212 1 1
0.68182255 1.736e-03 1.001925 0.000240 1 1
0.68224492 1.736e-03 1.001571 0.000240 1 1
0.68266673 1.736e-03 1.001214 0.000240 1 1
0.68318976 1.736e-03 1.001593 0.000211 1 1
0.68377053 1.736e-03 1.002020 0.000186 1 1
0.68435383 1.736e-03 1.001281 0.000239 1 1
0.68477781 1.736e-03 1.001253 0.000246 1 1
0.68519683 1.736e-03 1.001008 0.000240 1 1
0.68565045 1.736e-03 1.001661 0.000229 1 1
0.68626167 1.736e-03 1.001364 0.000176 1 1
0.68688370 1.736e-03 1.001488 0.000240 1 1
0.68730608 1.736e-03 1.001610 0.000240 1 1
0.68772780 1.736e-03 1.001645 0.000239 1 1
0.68815244 1.736e-03 1.001288 0.000246 1 1
0.68870773 1.736e-03 1.001612 0.000194 1 1
0.68928722 1.736e-03 1.001363 0.000197 1 1
0.68983959 1.736e-03 1.001465 0.000246 1 1
0.69025801 1.736e-03 1.001578 0.000240 1 1
0.69068026 1.736e-03 1.001363 0.000240 1 1
0.69116278 1.736e-03 1.001377 0.000219 1 1
0.69176899 1.736e-03 1.001442 0.000181 1 1
0.69236710 1.736e-03 1.001540 0.000240 1 1
0.69278896 1.736e-03 1.001866 0.000239 1 1
0.69321327 1.736e-03 1.002019 0.000246 1 1
0.69364832 1.736e-03 1.002122 0.000234 1 1
0.69422369 1.736e-03 1.001304 0.000188 1 1
0.69479818 1.736e-03 1.001476 0.000212 1 1
0.69531854 1.736e-03 1.001601 0.000240 1 1
0.69574130 1.736e-03 1.001573 0.000240 1 1
0.69616293 1.736e-03 1.001587 0.000238 1 1
0.69669749 1.736e-03 1.001609 0.000208 1 1
0.69727480 1.736e-03 1.001527 0.000189 1 1
0.69785026 1.736e-03 1.002111 0.000238 1 1
0.69827453 1.736e-03 1.001901 0.000246 1 1
0.69869323 1.736e-03 1.001503 0.000240 1 1
0.69916171 1.736e-03 1.001607 0.000224 1 1
0.69976468 1.736e-03 1.001745 0.000178 1 1
0.70038041 1.736e-03 1.001627 0.000240 1 1
0.70080258 1.736e-03 1.001878 0.000240 1 1
0.70122435 1.736e-03 1.001787 0.000238 1 1
0.70166530 1.736e-03 1.001752 0.000240 1 1
0.70221123 1.736e-03 1.001617 0.000197 1 1
0.70278354 1.736e-03 1.001641 0.000196 1 1
0.70333567 1.736e-03 1.002310 0.000246 1 1
0.70375398 1.736e-03 1.002007 0.000240 1 1
0.70417664 1.736e-03 1.001616 0.000240 1 1
0.70467472 1.736e-03 1.001509 0.000220 1 1
0.70527226 1.736e-03 1.001854 0.000183 1 1
0.70586310 1.736e-03 1.002018 0.000240 1 1
0.70628466 1.736e-03 1.002194 0.000246 1 1
0.70671012 1.736e-03 1.001918 0.000246 1 1
0.70715975 1.736e-03 1.001582 0.000229 1 1
0.70774283 1.736e-03 1.001551 0.000186 1 1
0.70833144 1.736e-03 1.001423 0.000224 1 1
0.70881588 1.736e-03 1.001498 0.000240 1 1
0.70923790 1.736e-03 1.001768 0.000240 1 1
0.70965866 1.736e-03 1.001673 0.000246 1 1
0.71019404 1.736e-03 1.001789 0.000208 1 1
0.71077134 1.736e-03 1.001700 0.000189 1 1
0.71134606 1.736e-03 1.001931 0.000246 1 1
0.71177106 1.736e-03 1.001905 0.000246 1 1
0.71218931 1.736e-03 1.001999 0.000240 1 1
0.71267194 1.736e-03 1.002077 0.000220 1 1
0.71327430 1.736e-03 1.001711 0.000183 1 1
0.71387650 1.736e-03 1.001771 0.000240 1 1
0.71429852 1.736e-03 1.001090 0.000240 1 1
0.71471995 1.736e-03 1.001702 0.000246 1 1
0.71516175 1.736e-03 1.002006 0.000240 1 1
0.71571652 1.736e-03 1.001464 0.000194 1 1
0.71628464 1.736e-03 1.001904 0.000204 1 1
0.71683197 1.736e-03 1.001661 0.000246 1 1
0.71725110 1.736e-03 1.001799 0.000240 1 1
0.71767304 1.736e-03 1.001361 0.000240 1 1
0.71817081 1.736e-03 1.002049 0.000220 1 1
0.71876911 1.736e-03 1.001846 0.000183 1 1
0.71935999 1.736e-03 1.002214 0.000240 1 1
0.71978119 1.736e-03 1.001797 0.000246 1 1
0.72020612 1.736e-03 1.001851 0.000246 1 1
0.72065632 1.736e-03 1.001410 0.000229 1 1
0.72124664 1.736e-03 1.001805 0.000183 1 1
0.72184228 1.736e-03 1.002448 0.000229 1 1
0.72231201 1.736e-03 1.002069 0.000240 1 1
0.72273393 1.736e-03 1.001976 0.000240 1 1
0.72315539 1.736e-03 1.001877 0.000246 1 1
0.72370098 1.736e-03 1.001990 0.000204 1 1
0.72427554 1.736e-03 1.001752 0.000191 1 1
0.72484267 1.736e-03 1.001709 0.000246 1 1
0.72526737 1.736e-03 1.002068 0.000246 1 1
0.72568635 1.736e-03 1.001761 0.000240 1 1
0.72616782 1.736e-03 1.002064 0.000220 1 1
0.72677054 1.736e-03 1.001639 0.000183 1 1
0.72737337 1.736e-03 1.002094 0.000240 1 1
0.72779528 1.736e-03 1.001905 0.000240 1 1
0.72821646 1.736e-03 1.001949 0.000246 1 1
0.72865822 1.736e-03 1.002100 0.000240 1 1
0.72922163 1.736e-03 1.001611 0.000191 1 1
0.72979135 1.736e-03 1.001735 0.000208 1 1
0.73032831 1.736e-03 1.001478 0.000246 1 1
0.73074719 1.736e-03 1.001824 0.000240 1 1
0.73117257 1.736e-03 1.002128 0.000246 1 1
0.73168027 1.736e-03 1.002008 0.000216 1 1
0.73227316 1.736e-03 1.001686 0.000186 1 1
0.73285617 1.736e-03 1.002076 0.000240 1 1
0.73327808 1.736e-03 1.001510 0.000246 1 1
0.73370530 1.736e-03 1.002234 0.000252 1 1
0.73415310 1.736e-03 1.002126 0.000229 1 1
0.73476226 1.736e-03 1.001896 0.000176 1 1
0.73538977 1.736e-03 1.001921 0.000246 1 1
0.73580833 1.736e-03 1.001752 0.000240 1 1
0.73623030 1.736e-03 1.001941 0.000240 1 1
0.73665205 1.736e-03 1.001945 0.000238 1 1
0.73721256 1.736e-03 1.001810 0.000204 1 1
0.73778085 1.736e-03 1.001788 0.000194 1 1
0.73833948 1.736e-03 1.001861 0.000238 1 1
0.73876359 1.736e-03 1.001909 0.000246 1 1
0.73918261 1.736e-03 1.001914 0.000240 1 1
0.73966418 1.736e-03 1.001855 0.000220 1 1
0.74026127 1.736e-03 1.001993 0.000180 1 1
0.74086944 1.736e-03 1.001893 0.000240 1 1
0.74129149 1.736e-03 1.002325 0.000240 1 1
0.74171399 1.736e-03 1.002006 0.000238 1 1
0.74215479 1.736e-03 1.002047 0.000240 1 1
0.74272656 1.736e-03 1.002065 0.000189 1 1
0.74330245 1.736e-03 1.002269 0.000207 1 1
0.74382519 1.736e-03 1.001695 0.000246 1 1
0.74424370 1.736e-03 1.002061 0.000240 1 1
0.74466574 1.736e-03 1.001733 0.000240 1 1
0.74518553 1.736e-03 1.001821 0.000207 1 1
0.74577157 1.736e-03 1.001887 0.000191 1 1
0.74635284 1.736e-03 1.002122 0.000240 1 1
0.74677469 1.736e-03 1.001962 0.000239 1 1
0.74719878 1.736e-03 1.002208 0.000246 1 1
0.74765114 1.736e-03 1.001650 0.000234 1 1
0.74826407 1.736e-03 1.001812 0.000173 1 1
0.74888632 1.736e-03 1.001811 0.000246 1 1
0.74930469 1.736e-03 1.001893 0.000240 1 1
0.74972671 1.736e-03 1.001667 0.000240 1 1
0.75014930 1.736e-03 1.001745 0.000239 1 1
0.75070372 1.736e-03 1.002001 0.000201 1 1
0.75127731 1.736e-03 1.001907 0.000194 1 1
0.75183598 1.736e-03 1.002097 0.000239 1 1
0.75226063 1.736e-03 1.002011 0.000246 1 1
0.75267905 1.736e-03 1.001888 0.000240 1 1
0.75318567 1.736e-03 1.001853 0.000212 1 1
0.75377237 1.736e-03 1.001904 0.000186 1 1
0.75436591 1.736e-03 1.002129 0.000240 1 1
0.75478826 1.736e-03 1.001797 0.000240 1 1
0.75521007 1.736e-03 1.001733 0.000240 1 1
0.75566663 1.736e-03 1.001787 0.000234 1 1
0.75623846 1.736e-03 1.002067 0.000189 1 1
0.75682209 1.736e-03 1.001859 0.000215 1 1
0.75732117 1.736e-03 1.002289 0.000246 1 1
0.75774004 1.736e-03 1.002085 0.000240 1 1
0.75816184 1.736e-03 1.002289 0.000240 1 1
0.75868232 1.736e-03 1.001756 0.000208 1 1
0.75927355 1.736e-03 1.001932 0.000189 1 1
0.75984873 1.736e-03 1.001932 0.000246 1 1
0.76027109 1.736e-03 1.001937 0.000240 1 1
0.76069570 1.736e-03 1.002282 0.000246 1 1
0.76117392 1.736e-03 1.001898 0.000220 1 1
0.76178048 1.736e-03 1.001841 0.000181 1 1
0.76238267 1.736e-03 1.002169 0.000246 1 1
0.76280138 1.736e-03 1.001787 0.000240 1 1
0.76322289 1.736e-03 1.001912 0.000246 1 1
0.76364546 1.736e-03 1.001742 0.000240 1 1
0.76421001 1.736e-03 1.001983 0.000197 1 1
0.76477796 1.736e-03 1.002111 0.000201 1 1
0.76533227 1.736e-03 1.002222 0.000240 1 1
0.76575661 1.736e-03 1.002238 0.000246 1 1
0.76617544 1.736e-03 1.001342 0.000240 1 1
0.76668504 1.736e-03 1.001500 0.000216 1 1
0.76726861 1.736e-03 1.001898 0.000186 1 1
0.76786209 1.736e-03 1.001739 0.000240 1 1
0.76828392 1.736e-03 1.001938 0.000246 1 1
0.76870632 1.736e-03 1.002062 0.000240 1 1
0.76916304 1.736e-03 1.001886 0.000234 1 1
0.76973405 1.736e-03 1.001870 0.000189 1 1
0.77031836 1.736e-03 1.001876 0.000216 1 1
0.77081789 1.736e-03 1.002099 0.000246 1 1
0.77123641 1.736e-03 1.001952 0.000240 1 1
0.77165801 1.736e-03 1.001906 0.000246 1 1
0.77216860 1.736e-03 1.001960 0.000212 1 1
0.77277052 1.736e-03 1.002064 0.000189 1 1
0.77334511 1.736e-03 1.002392 0.000246 1 1
0.77376735 1.736e-03 1.002007 0.000240 1 1
0.77419184 1.736e-03 1.001669 0.000246 1 1
0.77467049 1.736e-03 1.001616 0.000220 1 1
0.77527701 1.736e-03 1.001894 0.000181 1 1
0.77587899 1.736e-03 1.001612 0.000246 1 1
0.77629733 1.736e-03 1.001725 0.000240 1 1
0.77671931 1.736e-03 1.001822 0.000246 1 1
0.77714169 1.736e-03 1.001833 0.000240 1 1
0.77772393 1.736e-03 1.001900 0.000191 1 1
0.77829358 1.736e-03 1.001688 0.000208 1 1
0.77882857 1.736e-03 1.001444 0.000240 1 1
0.77925333 1.736e-03 1.002157 0.000246 1 1
0.77967143 1.736e-03 1.001110 0.000240 1 1
0.78017864 1.736e-03 1.001823 0.000212 1 1
0.78076506 1.736e-03 1.001912 0.000186 1 1
0.78135914 1.736e-03 1.001740 0.000240 1 1
0.78178088 1.736e-03 1.001778 0.000240 1 1
0.78220248 1.736e-03 1.001709 0.000240 1 1
0.78265968 1.736e-03 1.001638 0.000234 1 1
0.78325860 1.736e-03 1.001936 0.000178 1 1
0.78385617 1.736e-03 1.001836 0.000229 1 1
0.78431444 1.736e-03 1.002064 0.000246 1 1
0.78473268 1.736e-03 1.001967 0.000240 1 1
0.78515544 1.736e-03 1.001883 0.000240 1 1
0.78569666 1.736e-03 1.001981 0.000201 1 1
0.78628329 1.736e-03 1.001804 0.000194 1 1
0.78684180 1.736e-03 1.002343 0.000240 1 1
0.78726400 1.736e-03 1.001689 0.000240 1 1
0.78768833 1.736e-03 1.001941 0.000246 1 1
0.78816646 1.736e-03 1.001776 0.000220 1 1
0.78876731 1.736e-03 1.002105 0.000178 1 1
0.78937537 1.736e-03 1.001594 0.000246 1 1
0.78979406 1.736e-03 1.002364 0.000240 1 1
0.79021633 1.736e-03 1.001647 0.000240 1 1
0.79063791 1.736e-03 1.001595 0.000240 1 1
0.79122058 1.736e-03 1.001762 0.000191 1 1
0.79179473 1.736e-03 1.001857 0.000204 1 1
0.79232501 1.736e-03 1.002482 0.000240 1 1
0.79274946 1.736e-03 1.002018 0.000246 1 1
0.79316807 1.736e-03 1.001588 0.000240 1 1
0.79368697 1.736e-03 1.001878 0.000208 1 1
0.79426919 1.736e-03 1.001576 0.000189 1 1
0.79485513 1.736e-03 1.001587 0.000240 1 1
0.79527725 1.736e-03 1.001742 0.000240 1 1
0.79569928 1.736e-03 1.001847 0.000240 1 1
0.79615620 1.736e-03 1.001829 0.000234 1 1
0.79677292 1.736e-03 1.001716 0.000176 1 1
0.79738658 1.736e-03 1.001319 0.000240 1 1
0.79781072 1.736e-03 1.001577 0.000246 1 1
0.79822940 1.736e-03 1.001983 0.000240 1 1
0.79865126 1.736e-03 1.001357 0.000240 1 1
0.79919290 1.736e-03 1.001908 0.000201 1 1
0.79977976 1.736e-03 1.001786 0.000194 1 1
0.80033850 1.736e-03 1.001858 0.000240 1 1
0.80075996 1.736e-03 1.001798 0.000240 1 1
0.80118491 1.736e-03 1.001397 0.000246 1 1
0.80167599 1.736e-03 1.001904 0.000215 1 1
0.80226578 1.736e-03 1.001812 0.000183 1 1
0.80287152 1.736e-03 1.001813 0.000246 1 1
0.80329055 1.736e-03 1.001363 0.000240 1 1
0.80371239 1.736e-03 1.001619 0.000240 1 1
0.80415118 1.736e-03 1.001593 0.000234 1 1
0.80473221 1.736e-03 1.001679 0.000191 1 1
0.80530146 1.736e-03 1.002007 0.000208 1 1
0.80582198 1.736e-03 1.001749 0.000240 1 1
0.80624606 1.736e-03 1.001592 0.000246 1 1
0.80666346 1.736e-03 1.001607 0.000246 1 1
0.80719396 1.736e-03 1.002009 0.000204 1 1
0.80777385 1.736e-03 1.001941 0.000191 1 1
0.80835163 1.736e-03 1.001525 0.000240 1 1
0.80877361 1.736e-03 1.001853 0.000240 1 1
0.80919530 1.736e-03 1.001636 0.000240 1 1
0.80966752 1.736e-03 1.001938 0.000229 1 1
0.81027004 1.736e-03 1.001666 0.000176 1 1
0.81088260 1.736e-03 1.001545 0.000240 1 1
0.81130690 1.736e-03 1.001797 0.000246 1 1
0.81172582 1.736e-03 1.001577 0.000240 1 1
0.81214758 1.736e-03 1.001587 0.000240 1 1
0.81268935 1.736e-03 1.001799 0.000201 1 1
0.81327637 1.736e-03 1.001511 0.000194 1 1
0.81383485 1.736e-03 1.001938 0.000240 1 1
0.81425715 1.736e-03 1.001805 0.000240 1 1
0.81468141 1.736e-03 1.001619 0.000246 1 1
0.81518474 1.736e-03 1.001641 0.000211 1 1
0.81577474 1.736e-03 1.001641 0.000183 1 1
0.81636848 1.736e-03 1.001905 0.000246 1 1
0.81678701 1.736e-03 1.001531 0.000240 1 1
0.81720907 1.736e-03 1.001437 0.000240 1 1
0.81764728 1.736e-03 1.001240 0.000234 1 1
0.81824399 1.736e-03 1.001870 0.000186 1 1
0.81881722 1.736e-03 1.001425 0.000220 1 1
0.81931799 1.736e-03 1.001401 0.000240 1 1
0.81974211 1.736e-03 1.001750 0.000246 1 1
0.82016115 1.736e-03 1.001985 0.000240 1 1
0.82069040 1.736e-03 1.001664 0.000204 1 1
0.82126982 1.736e-03 1.001435 0.000191 1 1
0.82184792 1.736e-03 1.001873 0.000240 1 1
0.82226980 1.736e-03 1.001448 0.000240 1 1
0.82269260 1.736e-03 1.001482 0.000240 1 1
0.82317796 1.736e-03 1.001703 0.000224 1 1
0.82377355 1.736e-03 1.001434 0.000178 1 1
0.82437907 1.736e-03 1.001499 0.000240 1 1
0.82480396 1.736e-03 1.001041 0.000246 1 1
0.82522218 1.736e-03 1.001546 0.000240 1 1
0.82564413 1.736e-03 1.001583 0.000240 1 1
0.82620527 1.736e-03 1.001288 0.000194 1 1
0.82679103 1.736e-03 1.001626 0.000201 1 1
0.82733152 1.736e-03 1.001407 0.000240 1 1
0.82775336 1.736e-03 1.001223 0.000240 1 1
0.82817747 1.736e-03 1.001256 0.000246 1 1
0.82868124 1.736e-03 1.001610 0.000211 1 1
0.82927124 1.736e-03 1.001331 0.000183 1 1
0.82986456 1.736e-03 1.001557 0.000246 1 1
0.83028339 1.736e-03 1.001181 0.000240 1 1
0.83070521 1.736e-03 1.001165 0.000240 1 1
0.83114396 1.736e-03 1.001316 0.000234 1 1
0.83174019 1.736e-03 1.001588 0.000186 1 1
0.83231748 1.736e-03 1.001547 0.000216 1 1
0.83281438 1.736e-03 1.001383 0.000240 1 1
0.83323886 1.736e-03 1.001105 0.000246 1 1
0.83365748 1.736e-03 1.001028 0.000240 1 1
0.83419687 1.736e-03 1.001345 0.000201 1 1
0.83477516 1.736e-03 1.001485 0.000194 1 1
0.83534457 1.736e-03 1.001384 0.000240 1 1
0.83576646 1.736e-03 1.001577 0.000240 1 1
0.83618850 1.736e-03 1.001275 0.000240 1 1
0.83667456 1.736e-03 1.001313 0.000224 1 1
0.83727016 1.736e-03 1.001073 0.000178 1 1
0.83787554 1.736e-03 1.001212 0.000240 1 1
0.83829992 1.736e-03 1.001118 0.000246 1 1
0.83871880 1.736e-03 1.001223 0.000240 1 1
0.83914062 1.736e-03 1.001272 0.000240 1 1
0.83970173 1.736e-03 1.001046 0.000194 1 1
0.84028704 1.736e-03 1.001079 0.000201 1 1
0.84082790 1.736e-03 1.001509 0.000240 1 1
0.84124966 1.736e-03 1.001473 0.000240 1 1
0.84167390 1.736e-03 1.000908 0.000246 1 1
0.84216571 1.736e-03 1.001023 0.000215 1 1
0.84276758 1.736e-03 1.001258 0.000183 1 1
0.84336025 1.736e-03 1.001519 0.000252 1 1
0.84377955 1.736e-03 1.000879 0.000240 1 1
0.84420180 1.736e-03 1.001243 0.000240 1 1
0.84464037 1.736e-03 1.001309 0.000234 1 1
0.84526362 1.736e-03 1.001093 0.000176 1 1
0.84587149 1.736e-03 1.001285 0.000234 1 1
0.84631068 1.736e-03 1.001517 0.000240 1 1
0.84673523 1.736e-03 1.001757 0.000246 1 1
0.84715413 1.736e-03 1.001014 0.000240 1 1
0.84769350 1.736e-03 1.001037 0.000201 1 1
0.84827156 1.736e-03 1.001157 0.000194 1 1
0.84884058 1.736e-03 1.000658 0.000240 1 1
0.84926336 1.736e-03 1.001343 0.000240 1 1
0.84968497 1.736e-03 1.000899 0.000240 1 1
0.85018393 1.736e-03 1.001426 0.000220 1 1
0.85077978 1.736e-03 1.001299 0.000183 1 1
0.85137187 1.736e-03 1.000972 0.000240 1 1
0.85179629 1.736e-03 1.001128 0.000246 1 1
0.85221482 1.736e-03 1.001399 0.000240 1 1
0.85265297 1.736e-03 1.001297 0.000234 1 1
0.85321380 1.736e-03 1.001076 0.000194 1 1
0.85379365 1.736e-03 1.001014 0.000204 1 1
0.85432403 1.736e-03 1.001199 0.000240 1 1
0.85474567 1.736e-03 1.001130 0.000240 1 1
0.85517056 1.736e-03 1.001192 0.000246 1 1
0.85568547 1.736e-03 1.000776 0.000208 1 1
0.85627180 1.736e-03 1.000905 0.000186 1 1
0.85685744 1.736e-03 1.000729 0.000246 1 1
0.85727605 1.736e-03 1.001442 0.000240 1 1
0.85770126 1.736e-03 1.001150 0.000246 1 1
0.85815264 1.736e-03 1.001662 0.000229 1 1
0.85877284 1.736e-03 1.001399 0.000176 1 1
0.85938521 1.736e-03 1.000860 0.000240 1 1
0.85980735 1.736e-03 1.000980 0.000240 1 1
0.86023172 1.736e-03 1.000643 0.000246 1 1
0.86065020 1.736e-03 1.000886 0.000240 1 1
0.86120000 1.736e-03 1.000678 0.000197 1 1
0.86177644 1.736e-03 1.000948 0.000197 1 1
0.86233730 1.736e-03 1.001221 0.000240 1 1
0.86275916 1.736e-03 1.001323 0.000240 1 1
0.86318101 1.736e-03 1.000744 0.000240 1 1
0.86368032 1.736e-03 1.000599 0.000220 1 1
0.86427027 1.736e-03 1.000727 0.000181 1 1
0.86486837 1.736e-03 1.000712 0.000240 1 1
0.86529258 1.736e-03 1.001020 0.000246 1 1
0.86571118 1.736e-03 1.001005 0.000240 1 1
0.86615029 1.736e-03 1.001020 0.000234 1 1
0.86671881 1.736e-03 1.000720 0.000191 1 1
0.86730057 1.736e-03 1.000784 0.000208 1 1
0.86782053 1.736e-03 1.000577 0.000240 1 1
0.86824260 1.736e-03 1.000862 0.000246 1 1
0.86866695 1.736e-03 1.000855 0.000246 1 1
0.86919284 1.736e-03 1.000664 0.000204 1 1
0.86977611 1.736e-03 1.001051 0.000188 1 1
0.87035408 1.736e-03 1.000605 0.000246 1 1
0.87077276 1.736e-03 1.001012 0.000240 1 1
0.87119451 1.736e-03 1.000872 0.000240 1 1
0.87164867 1.736e-03 1.001049 0.000229 1 1
0.87226917 1.736e-03 1.000688 0.000176 1 1
0.87288191 1.736e-03 1.000745 0.000240 1 1
0.87330325 1.736e-03 1.000492 0.000240 1 1
0.87372811 1.736e-03 1.000409 0.000246 1 1
0.87414635 1.736e-03 1.000904 0.000240 1 1
0.87470613 1.736e-03 1.001113 0.000194 1 1
0.87528199 1.736e-03 1.000900 0.000201 1 1
0.87583388 1.736e-03 1.000639 0.000240 1 1
0.87625805 1.736e-03 1.000755 0.000246 1 1
0.87667785 1.736e-03 1.001062 0.000240 1 1
0.87717684 1.736e-03 1.000853 0.000220 1 1
0.87776638 1.736e-03 1.000407 0.000181 1 1
0.87836508 1.736e-03 1.000331 0.000240 1 1
0.87878940 1.736e-03 1.000758 0.000246 1 1
0.87921025 1.736e-03 1.000847 0.000246 1 1
0.87964639 1.736e-03 1.001079 0.000234 1 1
0.88023159 1.736e-03 1.000563 0.000186 1 1
0.88081991 1.736e-03 1.000661 0.000215 1 1
0.88131691 1.736e-03 1.000791 0.000240 1 1
0.88173866 1.736e-03 1.000279 0.000240 1 1
0.88216341 1.736e-03 1.000722 0.000246 1 1
0.88269951 1.736e-03 1.000657 0.000201 1 1
0.88328065 1.736e-03 1.000163 0.000191 1 1
0.88385003 1.736e-03 1.000780 0.000246 1 1
0.88426914 1.736e-03 1.000773 0.000240 1 1
0.88469089 1.736e-03 1.000646 0.000240 1 1
0.88514496 1.736e-03 1.000439 0.000229 1 1
0.88576556 1.736e-03 1.000399 0.000176 1 1
0.88637793 1.736e-03 1.000742 0.000240 1 1
0.88680050 1.736e-03 1.000400 0.000240 1 1
0.88722459 1.736e-03 1.000432 0.000246 1 1
0.88765939 1.736e-03 1.000300 0.000234 1 1
0.88820876 1.736e-03 1.000582 0.000197 1 1
0.88877884 1.736e-03 1.000409 0.000201 1 1
0.88933028 1.736e-03 1.000793 0.000240 1 1
0.88975201 1.736e-03 1.000315 0.000240 1 1
0.89017395 1.736e-03 1.000650 0.000240 1 1
0.89067331 1.736e-03 1.000609 0.000220 1 1
0.89126288 1.736e-03 1.000425 0.000181 1 1
0.89186131 1.736e-03 1.000732 0.000240 1 1
0.89228549 1.736e-03 1.000643 0.000246 1 1
0.89270453 1.736e-03 1.000063 0.000240 1 1
0.89315819 1.736e-03 1.000138 0.000229 1 1
0.89374902 1.736e-03 1.000133 0.000183 1 1
0.89434268 1.736e-03 1.000134 0.000224 1 1
0.89481309 1.736e-03 1.000596 0.000240 1 1
0.89523704 1.736e-03 1.000474 0.000246 1 1
0.89565992 1.736e-03 1.000388 0.000246 1 1
0.89619581 1.736e-03 1.000533 0.000201 1 1
0.89677682 1.736e-03 1.000361 0.000191 1 1
0.89734699 1.736e-03 1.000331 0.000246 1 1
0.89776550 1.736e-03 1.000577 0.000240 1 1
0.89818726 1.736e-03 1.000124 0.000240 1 1
0.89865652 1.736e-03 1.000974 0.000224 1 1
0.89926910 1.736e-03 1.000346 0.000178 1 1
0.89987458 1.736e-03 1.000055 0.000240 1 1
0.90029669 1.736e-03 1.000247 0.000240 1 1
0.90072088 1.736e-03 1.000155 0.000246 1 1
0.90115611 1.736e-03 0.999987 0.000234 1 1
0.90172968 1.736e-03 0.999912 0.000194 1 1
0.90229469 1.736e-03 0.999938 0.000208 1 1
0.90282671 1.736e-03 1.000198 0.000240 1 1
0.90324856 1.736e-03 1.000315 0.000240 1 1
0.90367072 1.736e-03 1.000380 0.000240 1 1
0.90419361 1.736e-03 1.000353 0.000211 1 1
0.90477427 1.736e-03 0.999996 0.000186 1 1
0.90535756 1.736e-03 1.000064 0.000240 1 1
0.90578223 1.736e-03 1.000485 0.000246 1 1
0.90620084 1.736e-03 1.000254 0.000240 1 1
0.90666921 1.736e-03 1.000055 0.000229 1 1
0.90726610 1.736e-03 1.000201 0.000181 1 1
0.90787009 1.736e-03 1.000130 0.000234 1 1
0.90830982 1.736e-03 0.999927 0.000240 1 1
0.90873178 1.736e-03 1.000219 0.000240 1 1
0.90915616 1.736e-03 1.000330 0.000246 1 1
0.90969270 1.736e-03 1.000093 0.000201 1 1
0.91027342 1.736e-03 0.999942 0.000191 1 1
0.91084309 1.736e-03 0.999929 0.000246 1 1
0.91126215 1.736e-03 1.000146 0.000240 1 1
0.91168384 1.736e-03 1.000055 0.000240 1 1
0.91216692 1.736e-03 1.000376 0.000220 1 1
0.91277246 1.736e-03 1.000178 0.000181 1 1
0.91337128 1.736e-03 0.999969 0.000240 1 1
0.91379293 1.736e-03 1.000080 0.000240 1 1
0.91421723 1.736e-03 1.000029 0.000246 1 1
0.91465200 1.736e-03 0.999710 0.000234 1 1
0.91522750 1.736e-03 1.000025 0.000188 1 1
0.91580195 1.736e-03 1.000207 0.000211 1 1
0.91632287 1.736e-03 1.000125 0.000240 1 1
0.91674458 1.736e-03 0.999797 0.000240 1 1
0.91716714 1.736e-03 1.000102 0.000240 1 1
0.91769021 1.736e-03 0.999567 0.000211 1 1
0.91827084 1.736e-03 0.999943 0.000186 1 1
0.91885375 1.736e-03 1.000011 0.000240 1 1
0.91927852 1.736e-03 1.000355 0.000246 1 1
0.91969726 1.736e-03 0.999660 0.000240 1 1
0.92016547 1.736e-03 0.999849 0.000224 1 1
0.92076882 1.736e-03 0.999975 0.000178 1 1
0.92138394 1.736e-03 1.000125 0.000240 1 1
0.92180665 1.736e-03 0.999921 0.000240 1 1
0.92222838 1.736e-03 0.999812 0.000240 1 1
0.92265262 1.736e-03 0.999885 0.000246 1 1
0.92320805 1.736e-03 0.999825 0.000194 1 1
0.92378741 1.736e-03 0.999927 0.000197 1 1
0.92433963 1.736e-03 0.999897 0.000246 1 1
0.92475663 1.736e-03 1.000057 0.000246 1 1
0.92517996 1.736e-03 1.000043 0.000240 1 1
0.92566315 1.736e-03 0.999851 0.000220 1 1
0.92626908 1.736e-03 0.999931 0.000181 1 1
0.92686763 1.736e-03 0.999823 0.000240 1 1
0.92728901 1.736e-03 0.999602 0.000240 1 1
0.92771220 1.736e-03 0.999907 0.000252 1 1
0.92814871 1.736e-03 1.000044 0.000234 1 1
0.92872400 1.736e-03 0.999648 0.000188 1 1
0.92929313 1.736e-03 0.999912 0.000216 1 1
0.92981924 1.736e-03 0.999738 0.000240 1 1
0.93024202 1.736e-03 0.999994 0.000240 1 1
0.93066368 1.736e-03 0.999680 0.000240 1 1
0.93118910 1.736e-03 0.999772 0.000215 1 1
0.93176137 1.736e-03 1.000078 0.000188 1 1
0.93235071 1.736e-03 0.999687 0.000240 1 1
0.93277358 1.736e-03 0.999949 0.000252 1 1
0.93319360 1.736e-03 0.999957 0.000240 1 1
0.93366180 1.736e-03 1.000188 0.000224 1 1
0.93425897 1.736e-03 0.999658 0.000181 1 1
0.93488062 1.736e-03 0.999639 0.000240 1 1
0.93530246 1.736e-03 1.000200 0.000240 1 1
0.93572433 1.736e-03 0.999795 0.000240 1 1
0.93616499 1.736e-03 0.999931 0.000246 1 1
0.93671161 1.736e-03 0.999646 0.000197 1 1
0.93728348 1.736e-03 0.999534 0.000197 1 1
0.93783435 1.736e-03 0.999986 0.000252 1 1
0.93825437 1.736e-03 0.999682 0.000240 1 1
0.93867713 1.736e-03 0.999778 0.000240 1 1
0.93917270 1.736e-03 0.999535 0.000215 1 1
0.93977910 1.736e-03 0.999600 0.000186 1 1
0.94036364 1.736e-03 0.999588 0.000240 1 1
0.94078585 1.736e-03 0.999236 0.000240 1 1
0.94120855 1.736e-03 0.999402 0.000252 1 1
0.94166057 1.736e-03 0.999597 0.000229 1 1
0.94224282 1.736e-03 0.999854 0.000186 1 1
0.94281423 1.736e-03 0.999596 0.000224 1 1
0.94331597 1.736e-03 0.999546 0.000240 1 1
0.94373790 1.736e-03 0.999759 0.000240 1 1
0.94415977 1.736e-03 0.999554 0.000240 1 1
0.94469729 1.736e-03 0.999729 0.000211 1 1
0.94527146 1.736e-03 0.999408 0.000188 1 1
0.94584659 1.736e-03 0.999811 0.000240 1 1
0.94627139 1.736e-03 0.999746 0.000246 1 1
0.94668972 1.736e-03 0.999131 0.000240 1 1
0.94717201 1.736e-03 0.999221 0.000220 1 1
0.94776845 1.736e-03 0.999421 0.000181 1 1
0.94837702 1.736e-03 0.999522 0.000240 1 1
0.94879884 1.736e-03 0.999495 0.000240 1 1
0.94922067 1.736e-03 0.999672 0.000240 1 1
0.94966219 1.736e-03 0.999271 0.000240 1 1
0.95021685 1.736e-03 0.999636 0.000194 1 1
0.95078962 1.736e-03 0.999712 0.000201 1 1
0.95133270 1.736e-03 0.999340 0.000246 1 1
0.95175119 1.736e-03 0.999903 0.000240 1 1
0.95217179 1.736e-03 0.999462 0.000246 1 1
0.95266916 1.736e-03 0.999495 0.000215 1 1
0.95326933 1.736e-03 0.999434 0.000183 1 1
0.95386029 1.736e-03 0.999797 0.000240 1 1
0.95428198 1.736e-03 0.999913 0.000240 1 1
0.95470863 1.736e-03 0.999177 0.000252 1 1
0.95515682 1.736e-03 0.999262 0.000229 1 1
0.95575963 1.736e-03 0.999746 0.000178 1 1
0.95635786 1.736e-03 0.999450 0.000234 1 1
0.95681239 1.736e-03 0.999258 0.000240 1 1
0.95723426 1.736e-03 0.999206 0.000240 1 1
0.95765600 1.736e-03 0.999214 0.000240 1 1
0.95820117 1.736e-03 0.999251 0.000204 1 1
0.95877579 1.736e-03 0.999168 0.000191 1 1
0.95934361 1.736e-03 0.999208 0.000240 1 1
0.95976737 1.736e-03 0.998891 0.000246 1 1
0.96018623 1.736e-03 0.999371 0.000240 1 1
0.96066847 1.736e-03 0.999556 0.000220 1 1
0.96126501 1.736e-03 0.999304 0.000181 1 1
0.96187365 1.736e-03 0.999374 0.000240 1 1
0.96229536 1.736e-03 0.999326 0.000240 1 1
0.96271734 1.736e-03 0.999125 0.000240 1 1
0.96315881 1.736e-03 0.999379 0.000240 1 1
0.96372181 1.736e-03 0.999553 0.000191 1 1
0.96429613 1.736e-03 0.999127 0.000204 1 1
0.96482872 1.736e-03 0.999647 0.000246 1 1
0.96524783 1.736e-03 0.999772 0.000240 1 1
0.96566962 1.736e-03 0.999432 0.000240 1 1
0.96617775 1.736e-03 0.999249 0.000211 1 1
0.96677322 1.736e-03 0.999352 0.000186 1 1
0.96735648 1.736e-03 0.998930 0.000240 1 1
0.96777868 1.736e-03 0.998757 0.000240 1 1
0.96820328 1.736e-03 0.999431 0.000246 1 1
0.96865279 1.736e-03 0.999496 0.000229 1 1
0.96926817 1.736e-03 0.999345 0.000174 1 1
0.96988980 1.736e-03 0.998986 0.000246 1 1
0.97030878 1.736e-03 0.999460 0.000240 1 1
0.97073030 1.736e-03 0.999450 0.000240 1 1
0.97115274 1.736e-03 0.999338 0.000240 1 1
0.97170781 1.736e-03 0.999415 0.000200 1 1
0.97228097 1.736e-03 0.999655 0.000194 1 1
0.97283971 1.736e-03 0.999472 0.000240 1 1
0.97326423 1.736e-03 0.999020 0.000246 1 1
0.97368299 1.736e-03 0.998985 0.000240 1 1
0.97416496 1.736e-03 0.999132 0.000220 1 1
0.97476140 1.736e-03 0.999062 0.000181 1 1
0.97537003 1.736e-03 0.999661 0.000240 1 1
0.97579187 1.736e-03 0.999207 0.000240 1 1
0.97621405 1.736e-03 0.999134 0.000240 1 1
0.97665486 1.736e-03 0.999232 0.000240 1 1
0.97721820 1.736e-03 0.999333 0.000191 1 1
0.97779235 1.736e-03 0.999312 0.000204 1 1
0.97832548 1.736e-03 0.999102 0.000246 1 1
0.97874363 1.736e-03 0.999403 0.000240 1 1
0.97916583 1.736e-03 0.999585 0.000240 1 1
0.97967429 1.736e-03 0.998738 0.000211 1 1
0.98026965 1.736e-03 0.999277 0.000186 1 1
0.98085302 1.736e-03 0.999063 0.000240 1 1
0.98127631 1.736e-03 0.999319 0.000246 1 1
0.98169933 1.736e-03 0.999789 0.000246 1 1
0.98207792 1.666e-03 0.999101 0.000448 1 7
0.98213455 1.666e-03 0.999509 0.000284 1 7
0.98248227 1.666e-03 0.999351 0.000772 1 7
0.98254625 1.666e-03 0.999256 0.000252 1 7
0.98296306 1.666e-03 0.998418 0.000246 1 7
0.98336677 1.666e-03 0.998891 0.000331 1 7
0.98341048 1.666e-03 0.999157 0.000366 1 7
0.98377213 1.666e-03 0.998707 0.000388 1 7
0.98382576 1.666e-03 0.998672 0.000305 1 7
0.98417828 1.666e-03 0.998625 0.000548 1 7
0.98423870 1.666e-03 0.999317 0.000267 1 7
0.98458755 1.666e-03 0.998206 0.001092 1 7
0.98465388 1.666e-03 0.999225 0.000252 1 7
0.98506629 1.666e-03 0.998722 0.000274 1 7
0.98510261 1.666e-03 0.997602 0.000550 1 7
0.98546512 1.666e-03 0.999147 0.000347 1 7
0.98551631 1.666e-03 0.998772 0.000331 1 7
0.98587783 1.666e-03 0.998938 0.000415 1 7
0.98593301 1.666e-03 0.999178 0.000294 1 7
0.98628494 1.666e-03 1.000145 0.000634 1 7
0.98634669 1.666e-03 0.999209 0.000267 1 7
0.98669985 1.666e-03 0.998254 0.001091 1 7
0.98676377 1.666e-03 0.999311 0.000252 1 7
0.98716422 1.666e-03 0.998327 0.000293 1 7
0.98720879 1.666e-03 0.998617 0.000415 1 7
0.98757118 1.666e-03 0.998566 0.000366 1 7
0.98762344 1.666e-03 0.998467 0.000317 1 7
0.98797996 1.666e-03 0.998836 0.000491 1 7
0.98803914 1.666e-03 0.998231 0.000284 1 7
0.98838678 1.666e-03 0.998332 0.001091 1 7
0.98845071 1.666e-03 0.998134 0.000252 1 7
0.98879812 1.666e-03 0.999574 0.001091 1 7
0.98886777 1.666e-03 0.997761 0.000252 1 7
0.98890071 1.666e-03 0.996610 0.001099 1 7
0.98926471 1.666e-03 0.997846 0.000331 1 7
0.98931394 1.666e-03 0.997750 0.000347 1 7
0.98967261 1.666e-03 0.998170 0.000448 1 7
0.98972822 1.666e-03 0.998188 0.000294 1 7
0.99008976 1.666e-03 0.997773 0.000548 1 7
0.99014562 1.666e-03 0.997808 0.000275 1 7
0.99049207 1.666e-03 0.997169 0.000772 1 7
0.99055968 1.666e-03 0.998401 0.000252 1 7
0.99096305 1.666e-03 0.998060 0.000284 1 7
0.99100555 1.666e-03 0.997618 0.000448 1 7
0.99137014 1.666e-03 0.998150 0.000366 1 7
0.99142082 1.666e-03 0.997491 0.000331 1 7
0.99178240 1.666e-03 0.997533 0.000490 1 7
0.99183507 1.666e-03 0.998395 0.000284 1 7
0.99218601 1.666e-03 0.998505 0.000631 1 7
0.99224908 1.666e-03 0.997712 0.000267 1 7
0.99259760 1.666e-03 0.997916 0.001093 1 7
0.99266580 1.666e-03 0.997853 0.000246 1 7
0.99306736 1.666e-03 0.998381 0.000317 1 7
0.99311322 1.666e-03 0.998178 0.000388 1 7
0.99347646 1.666e-03 0.997987 0.000414 1 7
0.99352598 1.666e-03 0.998028 0.000305 1 7
0.99388164 1.666e-03 0.997167 0.000490 1 7
0.99394149 1.666e-03 0.997788 0.000275 1 7
0.99429179 1.666e-03 0.998876 0.000773 1 7
0.99435594 1.666e-03 0.997315 0.000252 1 7
0.99476300 1.666e-03 0.997858 0.000284 1 7
0.99480263 1.666e-03 0.996820 0.000492 1 7
0.99517028 1.666e-03 0.997524 0.000366 1 7
0.99521703 1.666e-03 0.998354 0.000331 1 7
0.99557729 1.666e-03 0.998073 0.000414 1 7
0.99563312 1.666e-03 0.998217 0.000294 1 7
0.99598805 1.666e-03 0.997811 0.000548 1 7
0.99604776 1.666e-03 0.998579 0.000266 1 7
0.99639683 1.666e-03 0.997853 0.001092 1 7
0.99646306 1.666e-03 0.998148 0.000252 1 7
0.99686582 1.666e-03 0.997665 0.000317 1 7
0.99690864 1.666e-03 0.997578 0.000388 1 7
0.99727169 1.666e-03 0.998026 0.000366 1 7
0.99732385 1.666e-03 0.997438 0.000317 1 7
0.99767909 1.666e-03 0.997740 0.000490 1 7
0.99773706 1.666e-03 0.997553 0.000275 1 7
0.99809078 1.666e-03 0.999197 0.000773 1 7
0.99815308 1.666e-03 0.997782 0.000259 1 7
0.99856830 1.666e-03 0.998068 0.000252 1 7
0.99860042 1.666e-03 0.996927 0.001098 1 7
0.99896526 1.666e-03 0.997458 0.000331 1 7
0.99901432 1.666e-03 0.998034 0.000347 1 7
0.99937391 1.666e-03 0.997718 0.000415 1 7
0.99942864 1.666e-03 0.998098 0.000294 1 7
0.99978505 1.666e-03 0.997614 0.000548 1 7
0.99984550 1.666e-03 0.997943 0.000275 1 7
